ID	Waveform	Period	Phase	Nadir	Tau	P
-0.10002123318146418	cosine	24.0	12.0	3.0	0.3142978771675294	0.015710968084713377
0.5541203001581971	cosine	24.0	6.0	3.0	0.3377605919085437	0.010380190257282039
-1.41939551516076	cosine	24.0	12.0	21.0	0.13785639881971784	0.1726443686722099
0.6899825720877047	cosine	24.0	21.0	18.0	0.3837299067108896	0.004306804500442138
-0.07612600912818125	cosine	24.0	12.0	6.0	0.40316473806629816	0.002889432401796725
-0.34002276958204364	cosine	24.0	12.0	15.0	0.2590764801522773	0.03806123580744964
-0.44255840480443187	cosine	24.0	12.0	9.0	0.3029567239151251	0.019037505968002938
0.40773958298974533	cosine	24.0	18.0	9.0	0.3451839016208194	0.009060553512911972
1.0898216626580812	cosine	24.0	9.0	6.0	0.19746997668770394	0.08820646422125328
-0.7699544542245992	cosine	24.0	21.0	18.0	0.30848874853228375	0.01734671524348048
1.0488998194232404	cosine	24.0	15.0	18.0	0.2365480905738184	0.052679346147498834
0.6127762282072511	cosine	24.0	0.0	21.0	0.3216931213361771	0.01382149916799702
-0.036726547735949994	cosine	24.0	12.0	15.0	0.22903862738099875	0.05844034568396187
1.2808344904245155	cosine	24.0	6.0	9.0	0.4210208936926518	0.0019738220182525293
-0.13808990663168452	cosine	24.0	21.0	18.0	0.2257234745358174	0.061136095767155875
-1.8576121752582995	cosine	24.0	9.0	6.0	0.1825665822207074	0.1056765215839412
0.08036011754374715	cosine	24.0	3.0	6.0	0.26352749478578685	0.03560678181850737
-1.0526660830635999	cosine	24.0	6.0	3.0	0.09279137140344607	0.2626323221755049
-1.0900422435085741	cosine	24.0	9.0	12.0	0.34035878859600477	0.009900396537324115
0.2152343634655648	cosine	24.0	9.0	6.0	0.227276765621697	0.05986116155126607
-1.3784283207992325	cosine	24.0	18.0	15.0	0.16896292183844172	0.12369283503412826
-0.6231008486634321	cosine	24.0	12.0	15.0	0.31915218569483433	0.014447331991700058
1.2314168307533637	cosine	24.0	0.0	3.0	0.17444777823847862	0.11618577088949705
0.3369968193778301	cosine	24.0	15.0	18.0	0.12390614268152392	0.1981456709240792
1.6958373444853283	cosine	24.0	9.0	6.0	0.27198694902268655	0.031299660183120276
-0.11721513890303258	cosine	24.0	15.0	12.0	0.2816048697307362	0.026935575910470858
1.1292545299367287	cosine	24.0	3.0	12.0	0.2699264121556429	0.03230693818080994
-1.0722869469918643	cosine	24.0	21.0	18.0	0.3385852118037261	0.01022576234529446
-0.2822617300448842	cosine	24.0	12.0	9.0	0.4301237438301159	0.0016166864665646073
0.27515217363801003	cosine	24.0	9.0	12.0	0.1683092910639584	0.12460960164846763
0.1979935109766094	cosine	24.0	6.0	12.0	0.2613104783763044	0.03681260452934408
-0.8691963472036408	cosine	24.0	21.0	18.0	0.24829582198939915	0.044580801125198674
0.635046255275852	cosine	24.0	21.0	18.0	0.39877813834661074	0.003166321156986693
-1.5516335317835979	cosine	24.0	3.0	21.0	0.19929591659972523	0.08622355226943118
0.5990231627957865	cosine	24.0	12.0	9.0	0.3029567239151251	0.019037505968002938
-0.059561635139018874	cosine	24.0	12.0	9.0	0.1907505298724862	0.09579651477177781
1.4743652802006573	cosine	24.0	18.0	21.0	0.3009646327144232	0.019679757062280118
-0.1384378791739753	cosine	24.0	0.0	12.0	0.19929591659972523	0.08622355226943118
-0.9583962985593842	cosine	24.0	6.0	15.0	0.20414101708758137	0.08112374916958642
-0.8738873945917557	cosine	24.0	0.0	3.0	0.2783741142103382	0.0283411053804827
-0.7718607359947209	cosine	24.0	6.0	9.0	0.2794386462561848	0.02787139059585182
-1.1558430673961175	cosine	24.0	12.0	15.0	0.46183198635840733	0.0007842318242674856
-0.15787971923111538	cosine	24.0	21.0	9.0	0.31549066277171667	0.015391993660926931
-0.2107412833691431	cosine	24.0	3.0	6.0	0.3897237598944735	0.0038145915220834077
-0.7722231473557442	cosine	24.0	6.0	21.0	0.13733122967710018	0.17356475677209343
1.0590516664089369	cosine	24.0	15.0	12.0	0.41677520720148953	0.002163732623355074
2.199129024861076	cosine	24.0	3.0	12.0	0.13681201711998336	0.1744777691802858
1.1478994345683746	cosine	24.0	0.0	12.0	0.22882123757746228	0.05861420943696903
-1.0589413278390138	cosine	24.0	18.0	12.0	0.26232135440775123	0.03625871568011357
-0.5298637519067273	cosine	24.0	12.0	3.0	0.38825031885400685	0.003930673389220724
-0.29388162349175206	cosine	24.0	21.0	12.0	0.21237337115470045	0.07298545049751572
-0.2647874601621072	cosine	24.0	3.0	6.0	0.3451839016208194	0.009060553512911972
0.5322641403961265	cosine	24.0	3.0	6.0	0.3377605919085437	0.010380190257282039
-1.482797645520675	cosine	24.0	12.0	18.0	0.38973458369151615	0.003813750284798476
-0.6596628148896065	cosine	24.0	9.0	12.0	0.42264333089394	0.0019053409706262982
0.20173102881563956	cosine	24.0	3.0	0.0	0.1818710879507543	0.10654892958100276
1.3369856087363328	cosine	24.0	21.0	18.0	0.15800643217507218	0.13968972354679038
-0.4260180156800294	cosine	24.0	21.0	18.0	0.1504823163572116	0.15145707876053838
-0.5679251166445203	cosine	24.0	21.0	18.0	0.2783922852608415	0.028333032653019858
2.5687731137311713	cosine	24.0	12.0	15.0	0.2590764801522773	0.03806123580744964
0.6109896221574013	cosine	24.0	3.0	21.0	0.3100158702662392	0.016903200710028324
0.44218964110218434	cosine	24.0	18.0	15.0	0.2891143329235558	0.023892184636934675
-0.1680982838827233	cosine	24.0	3.0	0.0	0.2264109462244084	0.060569228522496806
-1.6322687248434578	cosine	24.0	12.0	18.0	0.2773111460881942	0.028816684834412243
-0.6981545387948536	cosine	24.0	3.0	9.0	0.21568642241310496	0.06989245255810622
-0.35722094211017197	cosine	24.0	12.0	9.0	0.1907505298724862	0.09579651477177781
-1.4625496966257479	cosine	24.0	6.0	3.0	0.24868087536123548	0.04433336645633893
-0.32242312867625894	cosine	24.0	9.0	12.0	0.3029567239151251	0.019037505968002938
2.1095623062428457	cosine	24.0	15.0	12.0	0.22152916418817914	0.06468486429452701
1.2077488553144977	cosine	24.0	18.0	21.0	0.18057877962865393	0.10818374624007071
0.20274051274516727	cosine	24.0	6.0	9.0	0.17511488498720915	0.11529525052334588
0.22547244168850905	cosine	24.0	18.0	6.0	0.2741417717592054	0.030274215841132077
-0.5953951018676824	cosine	24.0	9.0	18.0	0.3526072113330951	0.00789022129915346
-0.46994898085983383	cosine	24.0	12.0	6.0	0.32850460138735404	0.012257919988595213
-1.0887615164676636	cosine	24.0	21.0	18.0	0.14295820053935102	0.16386560074610457
0.6928816858096121	cosine	24.0	18.0	21.0	0.20315112708223565	0.08214673110717585
-0.5644077671993487	cosine	24.0	15.0	18.0	0.1914913114169006	0.09493692298572759
1.5069898794439622	cosine	24.0	18.0	15.0	0.386737354430211	0.004053152147956198
2.758497702757594	cosine	24.0	15.0	12.0	0.14643453225998282	0.15805277010113494
-0.2138847607947256	cosine	24.0	15.0	9.0	0.25384446470840993	0.04112100111304758
0.5504942783746206	cosine	24.0	15.0	18.0	0.25156701695945766	0.04251378781533029
1.1916583055109577	cosine	24.0	3.0	9.0	0.41649791914254747	0.0021766940531058277
-0.14070071708829204	cosine	24.0	3.0	0.0	0.3451839016208194	0.009060553512911972
-0.8817236085339526	cosine	24.0	9.0	12.0	0.2206721816171899	0.0654292553875976
-2.880387268260956	cosine	24.0	6.0	12.0	0.2762425057120932	0.02930147114696944
-0.23615969552634572	cosine	24.0	15.0	18.0	0.31915218569483433	0.014447331991700058
0.1583668545764725	cosine	24.0	9.0	6.0	0.08569451818523001	0.2787140364984095
0.3716311489296427	cosine	24.0	9.0	6.0	0.2645352517891883	0.03506947273840929
0.6125950429522969	cosine	24.0	3.0	21.0	0.17715192586642242	0.11260606365924808
1.4070123689323044	cosine	24.0	0.0	3.0	0.36003052104537075	0.00685497779106477
0.0761944305955348	cosine	24.0	21.0	18.0	0.3461093276215867	0.008906808161730659
-0.5603288344010755	cosine	24.0	15.0	12.0	0.24405755376663804	0.047378451921575866
-1.5982901952563038	cosine	24.0	18.0	0.0	0.28049054928850214	0.02741363646522646
0.07695829662153153	cosine	24.0	18.0	21.0	0.16553054799293276	0.12855996833004363
-0.22432588742891438	cosine	24.0	9.0	12.0	0.15334846519160655	0.14689908245619482
-1.050121278375375	cosine	24.0	0.0	3.0	0.3526072113330951	0.00789022129915346
-0.9432378301408101	cosine	24.0	3.0	12.0	0.3660645863480636	0.006103836469221554
-0.12978215708617163	cosine	24.0	12.0	9.0	0.18327011693631026	0.10479929422810885
0.274372466570918	cosine	24.0	18.0	12.0	0.2473315627273083	0.04520531538629516
-1.1343817914088428	cosine	24.0	3.0	12.0	0.20336921463781313	0.08192052243423542
0.8107849815370642	cosine	24.0	21.0	3.0	0.2066772468441595	0.07854663026645384
-0.8797669383619602	cosine	24.0	12.0	9.0	0.10846598757455098	0.2288741223274814
-0.9808274038760963	cosine	24.0	21.0	3.0	0.30263454002180495	0.019140153805216078
-0.12522358000150183	cosine	24.0	3.0	9.0	0.21568642241310496	0.06989245255810622
0.7370567245898149	cosine	24.0	18.0	15.0	0.3341711120804736	0.011076319946854101
0.7404267746763029	cosine	24.0	18.0	21.0	0.30848874853228375	0.01734671524348048
-0.21497577533781223	cosine	24.0	0.0	18.0	0.2066772468441595	0.07854663026645384
0.07726257587526215	cosine	24.0	21.0	18.0	0.20315112708223565	0.08214673110717585
-0.06168913320831775	cosine	24.0	15.0	9.0	0.32103858771945964	0.013980433055581136
-0.8802471952689928	cosine	24.0	9.0	3.0	0.37187314209156025	0.005450614642997061
-0.9962206496329687	cosine	24.0	12.0	15.0	0.1914913114169006	0.09493692298572759
1.8911466163971937	cosine	24.0	0.0	3.0	0.21156432679985704	0.0737564416596048
0.47603151361975243	cosine	24.0	3.0	0.0	0.24868087536123548	0.04433336645633893
0.05232357810440067	cosine	24.0	21.0	18.0	0.19562701126437507	0.09024213396007019
1.1688557407077838	cosine	24.0	6.0	12.0	0.24637845104051553	0.04582950804198322
0.2737177565525796	cosine	24.0	15.0	18.0	0.31915218569483433	0.014447331991700058
-2.9446715264713323	cosine	24.0	12.0	15.0	0.326661648887654	0.01266506290239042
-0.10850332608700997	cosine	24.0	9.0	12.0	0.2655546592342455	0.03453273942337478
0.5936452966858234	cosine	24.0	6.0	18.0	0.31118795713207104	0.016569407604774922
-1.740247131815137	cosine	24.0	6.0	21.0	0.2264109462244084	0.060569228522496806
0.3764507218714854	cosine	24.0	15.0	21.0	0.3478392015321807	0.008625537378454924
0.5305930876462661	cosine	24.0	3.0	6.0	0.1299079199648245	0.18690708075242085
-0.041136882484545674	cosine	24.0	3.0	6.0	0.2857974239226139	0.02519881865604328
0.9523955482091114	cosine	24.0	18.0	0.0	0.3616851819772791	0.0066412775630506635
1.0813806746319878	cosine	24.0	3.0	15.0	0.4797864658882274	0.0005105902815141257
0.2488984973895077	cosine	24.0	3.0	9.0	0.35699821640789786	0.007262408061412495
0.7044847904568508	cosine	24.0	18.0	0.0	0.3469225214884106	0.008773600268086433
0.8108915837581148	cosine	24.0	18.0	15.0	0.26658594334509694	0.03399663812377356
-1.1958253226470479	cosine	24.0	18.0	15.0	0.19900077460972024	0.08654178804169727
-1.1202796182673347	cosine	24.0	21.0	6.0	0.21898763651213274	0.06691183000253088
-1.893982990045242	cosine	24.0	9.0	12.0	0.34035878859600477	0.009900396537324115
-1.9827373677511433	cosine	24.0	12.0	15.0	0.3041332593091951	0.01866662856252859
0.7607972992150065	cosine	24.0	9.0	12.0	0.13090722638307875	0.18507488909218733
1.4253255679281291	cosine	24.0	9.0	6.0	0.21237337115470045	0.07298545049751572
-1.950983150936258	cosine	24.0	12.0	15.0	0.12390614268152392	0.1981456709240792
-0.7785699318483251	cosine	24.0	6.0	0.0	0.1561867196784553	0.14247702298256743
-0.6858657741478057	cosine	24.0	3.0	21.0	0.3173972005106735	0.014893695995628085
-0.9860106994059007	cosine	24.0	3.0	18.0	0.2699264121556429	0.03230693818080994
-0.6624546071170626	cosine	24.0	18.0	21.0	0.29344051689656264	0.02227396573589996
0.7695474134462467	cosine	24.0	18.0	15.0	0.16896292183844172	0.12369283503412826
-0.6803870383975071	cosine	24.0	21.0	6.0	0.5233433347154358	0.00016995479743994133
0.2839345474870786	cosine	24.0	18.0	15.0	0.2891143329235558	0.023892184636934675
-0.2319922688461892	cosine	24.0	12.0	18.0	0.2698162502479727	0.03236153477515324
0.5121730768093367	cosine	24.0	15.0	18.0	0.14643453225998282	0.15805277010113494
-1.054601957787715	cosine	24.0	3.0	6.0	0.43426361816812764	0.0014746410900555347
0.05376117829762621	cosine	24.0	18.0	21.0	0.17305466381079335	0.11806115286078062
1.755147138191729	cosine	24.0	9.0	6.0	0.2794386462561848	0.02787139059585182
-0.2688875841717638	cosine	24.0	9.0	6.0	0.4210208936926518	0.0019738220182525293
0.8942484228215068	cosine	24.0	21.0	0.0	0.16639299379457437	0.12732468937632635
0.683844781323366	cosine	24.0	9.0	6.0	0.2049216739212022	0.08032379819344765
0.6191610909047132	cosine	24.0	9.0	6.0	0.17511488498720915	0.11529525052334588
-0.9189122267052892	cosine	24.0	9.0	18.0	0.3674538307576464	0.00594159154192835
2.5266168535794873	cosine	24.0	9.0	6.0	0.19746997668770394	0.08820646422125328
-2.4659958812723675	cosine	24.0	0.0	6.0	0.364435679249729	0.006299060954990374
-0.3129490359238974	cosine	24.0	6.0	9.0	0.15275979328671438	0.14782765030387718
-0.4187905125576633	cosine	24.0	18.0	15.0	0.2891143329235558	0.023892184636934675
0.21005659201195007	cosine	24.0	18.0	15.0	0.1914913114169006	0.09493692298572759
-0.27111783980355336	cosine	24.0	0.0	3.0	0.30806735305944094	0.01747083493063007
-0.13607003749640798	cosine	24.0	3.0	6.0	0.31549066277171667	0.015391993660926931
-0.44405772819625583	cosine	24.0	0.0	15.0	0.21076445880646086	0.0745247925817003
-0.9819207387771501	cosine	24.0	21.0	0.0	0.23295019131240413	0.055380662873957556
-0.7028387932572338	cosine	24.0	21.0	0.0	0.3069026329988816	0.017817847893956983
-0.368965831725132	cosine	24.0	9.0	6.0	0.3017937379566796	0.019410252116110444
0.5259596226311426	cosine	24.0	6.0	9.0	0.17511488498720915	0.11529525052334588
0.9056667309981711	cosine	24.0	3.0	0.0	0.24868087536123548	0.04433336645633893
-0.32472966005592163	cosine	24.0	0.0	3.0	0.31549066277171667	0.015391993660926931
-0.4875443111569453	cosine	24.0	21.0	18.0	0.18810289544651448	0.09891558665411498
-1.7256914641245205	cosine	24.0	12.0	9.0	0.3029567239151251	0.019037505968002938
-0.07169698991379334	cosine	24.0	21.0	3.0	0.23620256782189655	0.052934139906380795
1.1069352015639728	cosine	24.0	15.0	12.0	0.22903862738099875	0.05844034568396187
-2.224533792557251	cosine	24.0	3.0	15.0	0.3838291727105819	0.00429821088254844
0.3961154178373412	cosine	24.0	18.0	21.0	0.29344051689656264	0.02227396573589996
0.2883738896387001	cosine	24.0	21.0	9.0	0.2709508044980625	0.03180287707901677
0.34301035911565864	cosine	24.0	3.0	9.0	0.37931060493339147	0.0047052989719750865
0.6573870905247035	cosine	24.0	18.0	15.0	0.27409540653791653	0.03029598352690821
-1.713303603205118	cosine	24.0	15.0	12.0	0.34919003846611285	0.0084113441669734
0.342433182212836	cosine	24.0	12.0	6.0	0.455426833741559	0.0009108497988284421
0.01415963516283225	cosine	24.0	9.0	12.0	0.22815259455336584	0.059151522051165605
0.6549997823757544	cosine	24.0	3.0	9.0	0.35699821640789786	0.007262408061412495
0.4942806399125009	cosine	24.0	6.0	12.0	0.32850460138735404	0.012257919988595213
0.43882168109359876	cosine	24.0	21.0	12.0	0.3614073158246657	0.006676747380572879
-1.0548540459624849	cosine	24.0	9.0	12.0	0.24311342042571768	0.04802044059311893
-0.21107883283322032	cosine	24.0	6.0	3.0	0.21898763651213274	0.06691183000253088
0.5701717607586527	cosine	24.0	9.0	0.0	0.1589977496259266	0.13818700065494172
-2.488626710765345	cosine	24.0	3.0	0.0	0.2338342559366841	0.05470697449766232
0.8571561160421923	cosine	24.0	21.0	18.0	0.3009646327144232	0.019679757062280118
-1.091078985841334	cosine	24.0	0.0	6.0	0.1561867196784553	0.14247702298256743
-0.9190025089997969	cosine	24.0	15.0	12.0	0.22903862738099875	0.05844034568396187
-0.4354320663295619	cosine	24.0	18.0	6.0	0.24450482346091293	0.047076729066586956
0.07951140055777514	cosine	24.0	15.0	12.0	0.2140197009953595	0.07143562183788349
0.7018310100968197	cosine	24.0	12.0	18.0	0.517147812975281	0.00019975920960465761
0.49518405874453475	cosine	24.0	12.0	15.0	0.08635882671742576	0.27718857961309573
-0.14536720813189044	cosine	24.0	18.0	21.0	0.3385852118037261	0.01022576234529446
0.3637079734221282	cosine	24.0	9.0	12.0	0.2580742462980696	0.03863252516949062
0.9796698361932781	cosine	24.0	21.0	12.0	0.21237337115470045	0.07298545049751572
-0.18747842153043617	cosine	24.0	0.0	21.0	0.29950738883023387	0.02016114215609676
-0.38292670121480094	cosine	24.0	3.0	0.0	0.1818710879507543	0.10654892958100276
0.01193739164134036	cosine	24.0	0.0	21.0	0.4400170280345411	0.0012961112381875797
1.8518205871778075	cosine	24.0	15.0	21.0	0.24311342042571768	0.04802044059311893
-1.3427769607182078	cosine	24.0	15.0	21.0	0.19823094280866213	0.08737598727842949
-0.1853121989872207	cosine	24.0	0.0	21.0	0.24034543548105186	0.04994280222373064
0.021725457528217286	cosine	24.0	18.0	15.0	0.326661648887654	0.01266506290239042
-0.8023213250497022	cosine	24.0	0.0	18.0	0.22882123757746228	0.05861420943696903
0.2517920068611707	cosine	24.0	3.0	0.0	0.24125756564895978	0.04930266217726652
-2.1892946027599636	cosine	24.0	12.0	9.0	0.2505938333618936	0.043120464095440875
-0.5761093502034346	cosine	24.0	12.0	15.0	0.31915218569483433	0.014447331991700058
-0.20851669286827768	cosine	24.0	21.0	0.0	0.16639299379457437	0.12732468937632635
0.2816500055681681	cosine	24.0	9.0	0.0	0.3660645863480636	0.006103836469221554
-1.8151555905222858	cosine	24.0	21.0	6.0	0.2561041850735112	0.03977585423405737
-1.066553914883948	cosine	24.0	6.0	0.0	0.1487492568366241	0.154258285657701
-0.49533402522671355	cosine	24.0	6.0	15.0	0.37487714046992215	0.0051377970621272195
-0.36965964831280035	cosine	24.0	18.0	15.0	0.19900077460972024	0.08654178804169727
0.2836399661878514	cosine	24.0	21.0	0.0	0.3142978771675294	0.015710968084713377
0.7640419093702081	cosine	24.0	6.0	3.0	0.37487714046992215	0.0051377970621272195
-0.2857957835527664	cosine	24.0	12.0	6.0	0.24637845104051553	0.04582950804198322
-0.3790728280733069	cosine	24.0	0.0	21.0	0.34387885384212036	0.009281315096840078
0.06820239910286494	cosine	24.0	3.0	6.0	0.26352749478578685	0.03560678181850737
-0.25282783483835647	cosine	24.0	21.0	15.0	0.3702804403407085	0.005623241622001215
-0.6071291991046033	cosine	24.0	3.0	6.0	0.30064404334716527	0.019784814684414773
-0.49026422573677525	cosine	24.0	12.0	6.0	0.17918432802946585	0.10996794592401771
-0.46375048662255736	cosine	24.0	9.0	0.0	0.4400170280345411	0.0012961112381875797
0.4370125598181186	cosine	24.0	12.0	9.0	0.33287837565982886	0.011336791543103485
-0.26640960743005293	cosine	24.0	12.0	15.0	0.16145345864562208	0.13451203512311516
1.6049932361420491	cosine	24.0	9.0	6.0	0.21237337115470045	0.07298545049751572
-0.25698551259537195	cosine	24.0	3.0	21.0	0.413354493688319	0.00232862927072122
0.26988287781767006	cosine	24.0	6.0	21.0	0.37487714046992215	0.0051377970621272195
0.9227314653053884	cosine	24.0	6.0	15.0	0.24125756564895978	0.04930266217726652
-1.4660625577188513	cosine	24.0	6.0	9.0	0.1676631877537109	0.12552046793508637
-2.0211821863297783	cosine	24.0	21.0	12.0	0.3539556185911674	0.0076925343627084405
0.570970590135411	cosine	24.0	18.0	12.0	0.2698162502479727	0.03236153477515324
-0.9888433214197269	cosine	24.0	18.0	21.0	0.2257234745358174	0.061136095767155875
-1.3457184159824198	cosine	24.0	18.0	15.0	0.3566995016589325	0.007303677061155208
0.43638714327538947	cosine	24.0	18.0	12.0	0.34476520865018734	0.009130873203981702
1.1113036149445132	cosine	24.0	6.0	0.0	0.3123734393569106	0.016237554289091953
-1.1821058968138176	cosine	24.0	18.0	21.0	0.17305466381079335	0.11806115286078062
-0.4833310530103691	cosine	24.0	21.0	6.0	0.330337282196268	0.011864341762666228
-1.2678451759762657	cosine	24.0	3.0	0.0	0.3823004501821978	0.004432269204779407
0.1352003745435427	cosine	24.0	3.0	9.0	0.24543627378042976	0.04645332880937976
1.4297899871257922	cosine	24.0	3.0	6.0	0.26352749478578685	0.03560678181850737
2.788445229217276	cosine	24.0	18.0	15.0	0.22903862738099875	0.05844034568396187
1.7604304446611163	cosine	24.0	15.0	18.0	0.2590764801522773	0.03806123580744964
-0.24858614520873046	cosine	24.0	12.0	9.0	0.2580742462980696	0.03863252516949062
0.580848735152133	cosine	24.0	18.0	0.0	0.21405857708859377	0.07139933215686703
-0.07587055856276646	cosine	24.0	6.0	0.0	0.1710616453621177	0.12078118127288895
-1.9883795234425492	cosine	24.0	0.0	6.0	0.290061050831417	0.023529860808762543
-0.8850855397487621	cosine	24.0	9.0	6.0	0.1453080960532161	0.15992129427517754
-0.3763068999676909	cosine	24.0	21.0	0.0	0.4178312955285979	0.0021150055896341437
-0.8203002223347178	cosine	24.0	21.0	18.0	0.14295820053935102	0.16386560074610457
1.287882922248879	cosine	24.0	3.0	6.0	0.36003052104537075	0.00685497779106477
0.2638299895337497	cosine	24.0	3.0	0.0	0.39714706960674917	0.0032752197042900965
-0.5053074403838211	cosine	24.0	15.0	21.0	0.3253979627236529	0.012950952528887621
0.8810710413122997	cosine	24.0	15.0	12.0	0.27409540653791653	0.03029598352690821
-0.561888756811474	cosine	24.0	18.0	21.0	0.3385852118037261	0.01022576234529446
0.8758423293156254	cosine	24.0	21.0	0.0	0.23295019131240413	0.055380662873957556
1.3691072707503822	cosine	24.0	0.0	21.0	0.29211214466158614	0.02276070879876716
-2.6498846796760946	cosine	24.0	18.0	0.0	0.4354984844216218	0.001434531998309761
0.17950296604936147	cosine	24.0	12.0	6.0	0.4255627790699814	0.0017875290067478741
-0.05226336596510189	cosine	24.0	6.0	3.0	0.2783741142103382	0.0283411053804827
1.5618495034870064	cosine	24.0	18.0	3.0	0.34387885384212036	0.009281315096840078
-0.3966325322267291	cosine	24.0	21.0	0.0	0.23295019131240413	0.055380662873957556
0.011436113669713137	cosine	24.0	3.0	6.0	0.32291397248399234	0.01352921307913464
-0.6759098692651556	cosine	24.0	18.0	21.0	0.13543408472149043	0.17691556091276012
-3.090395468463385	cosine	24.0	15.0	21.0	0.34035878859600477	0.009900396537324115
-0.8484815968980943	cosine	24.0	0.0	21.0	0.34387885384212036	0.009281315096840078
-0.40439754286506907	cosine	24.0	6.0	3.0	0.19671770737530567	0.08903321910476264
-0.6624397404464539	cosine	24.0	15.0	3.0	0.39859183319945046	0.003178592823322213
-0.3787837855793334	cosine	24.0	0.0	12.0	0.2583465585551994	0.03847661585264555
0.6856544168922504	cosine	24.0	18.0	9.0	0.1818710879507543	0.10654892958100276
0.01819978292300716	cosine	24.0	0.0	21.0	0.17378823796322213	0.11707097859576515
-0.04275921851759361	cosine	24.0	18.0	9.0	0.20414101708758137	0.08112374916958642
0.02336062159526055	cosine	24.0	3.0	12.0	0.17378823796322213	0.11707097859576515
0.38129229692620037	cosine	24.0	18.0	3.0	0.2699264121556429	0.03230693818080994
1.1328613279202011	cosine	24.0	9.0	6.0	0.398665801992157	0.003173715485591541
0.9535440526291235	cosine	24.0	18.0	15.0	0.2590764801522773	0.03806123580744964
1.2582083521077427	cosine	24.0	21.0	0.0	0.38825031885400685	0.003930673389220724
-1.66406906704313	cosine	24.0	0.0	3.0	0.2709508044980625	0.03180287707901677
-0.30537871291966895	cosine	24.0	15.0	18.0	0.2590764801522773	0.03806123580744964
0.6059322395941821	cosine	24.0	0.0	3.0	0.26352749478578685	0.03560678181850737
-0.84433018239024	cosine	24.0	15.0	21.0	0.28799589804277326	0.02432625829671131
0.14827074252369835	cosine	24.0	3.0	12.0	0.29950738883023387	0.02016114215609676
-0.5704319003335067	cosine	24.0	15.0	12.0	0.326661648887654	0.01266506290239042
-0.1794918044354175	cosine	24.0	3.0	6.0	0.15217784910165155	0.14874946071331063
0.7268944335319945	cosine	24.0	15.0	0.0	0.3069026329988816	0.017817847893956983
0.02519612334308564	cosine	24.0	6.0	9.0	0.25708355455569004	0.03920408275739036
1.7186547526027836	cosine	24.0	6.0	12.0	0.2090483827010435	0.07619384796207052
-0.030258567719508127	cosine	24.0	18.0	15.0	0.25156701695945766	0.04251378781533029
-1.558130727186255	cosine	24.0	21.0	3.0	0.2509652283107651	0.042888118888463896
1.7840641177151297	cosine	24.0	6.0	15.0	0.3674538307576464	0.00594159154192835
0.5066928243072735	cosine	24.0	12.0	15.0	0.2816048697307362	0.026935575910470858
-0.026259520874847203	cosine	24.0	15.0	21.0	0.2730350721704214	0.03079734328122759
-1.2902002418919303	cosine	24.0	9.0	18.0	0.20414101708758137	0.08112374916958642
0.5827220579874708	cosine	24.0	6.0	9.0	0.25708355455569004	0.03920408275739036
-0.1921225070645007	cosine	24.0	21.0	0.0	0.21076445880646086	0.0745247925817003
1.2815973690736187	cosine	24.0	9.0	12.0	0.1608288781277825	0.13544029453589856
1.1259647461739941	cosine	24.0	15.0	21.0	0.2580742462980696	0.03863252516949062
-0.00010803875376861293	cosine	24.0	15.0	12.0	0.22152916418817914	0.06468486429452701
-0.027046190758318583	cosine	24.0	18.0	21.0	0.15800643217507218	0.13968972354679038
1.6121323346191194	cosine	24.0	12.0	18.0	0.35975500033063024	0.006891145241127548
-1.7571049153132217	cosine	24.0	21.0	3.0	0.3100158702662392	0.016903200710028324
0.2901335721737192	cosine	24.0	9.0	0.0	0.2699264121556429	0.03230693818080994
1.3088929663454119	cosine	24.0	9.0	0.0	0.28471690049293835	0.0256371939762934
-2.2013002893242652	cosine	24.0	9.0	6.0	0.16021149052021263	0.13636216882002333
0.2265657912684294	cosine	24.0	6.0	3.0	0.20414101708758137	0.08112374916958642
0.0474535251685767	cosine	24.0	3.0	12.0	0.5139694697210186	0.00021688021381524654
-0.4888368019507539	cosine	24.0	0.0	3.0	0.2338342559366841	0.05470697449766232
-0.9351613780276959	cosine	24.0	0.0	3.0	0.2338342559366841	0.05470697449766232
-0.22520788266629174	cosine	24.0	21.0	18.0	0.23324759035367798	0.05515330692798147
-0.90146883476896	cosine	24.0	0.0	21.0	0.19597397046916537	0.08985625322931617
2.193775530065363	cosine	24.0	15.0	18.0	0.34168057527329326	0.009663826561076
0.45538717723024075	cosine	24.0	0.0	21.0	0.4769932488777799	0.0005463493182082269
-1.714643081683185	cosine	24.0	9.0	6.0	0.25708355455569004	0.03920408275739036
-0.5572797180880089	cosine	24.0	0.0	3.0	0.14475453938937588	0.160844803171809
0.7273831372157602	cosine	24.0	18.0	12.0	0.1648877084848722	0.12948609931689714
1.2707605396828887	cosine	24.0	3.0	6.0	0.18929439766303	0.09750285144846599
0.18753070938328278	cosine	24.0	6.0	9.0	0.3017937379566796	0.019410252116110444
0.5535716885008368	cosine	24.0	9.0	6.0	0.21237337115470045	0.07298545049751572
-0.640146473478941	cosine	24.0	3.0	0.0	0.2857974239226139	0.02519881865604328
-0.062150325905633304	cosine	24.0	3.0	0.0	0.24125756564895978	0.04930266217726652
1.0129678444994925	cosine	24.0	6.0	9.0	0.17511488498720915	0.11529525052334588
-0.1636733804249349	cosine	24.0	3.0	18.0	0.3290883655048249	0.012131343131205926
-0.5298878061930311	cosine	24.0	18.0	15.0	0.1914913114169006	0.09493692298572759
1.2326904761602324	cosine	24.0	15.0	18.0	0.27409540653791653	0.03029598352690821
-0.4762146001723671	cosine	24.0	9.0	6.0	0.3390522241241709	0.010139196014009982
-0.9732103107069185	cosine	24.0	6.0	3.0	0.18929439766303	0.09750285144846599
-0.11627877916453372	cosine	24.0	9.0	6.0	0.36885901305816393	0.005781386903632934
-0.9388449923720665	cosine	24.0	18.0	9.0	0.31549066277171667	0.015391993660926931
-0.14066893001353253	cosine	24.0	21.0	0.0	0.17378823796322213	0.11707097859576515
0.3026302542440334	cosine	24.0	9.0	15.0	0.29864054671577644	0.02045220334565448
0.4899794319083107	cosine	24.0	3.0	0.0	0.16702446852620292	0.12642548136726045
-1.1714516760758689	cosine	24.0	9.0	6.0	0.3390522241241709	0.010139196014009982
0.08953644484297918	cosine	24.0	3.0	6.0	0.3526072113330951	0.00789022129915346
-0.4731053201098628	cosine	24.0	12.0	21.0	0.3837624075251605	0.00430398916286051
0.5153236689712769	cosine	24.0	21.0	0.0	0.2699264121556429	0.03230693818080994
-0.2756293951154333	cosine	24.0	6.0	9.0	0.3241488296571744	0.013239016787172118
0.7560469843407829	cosine	24.0	12.0	9.0	0.17578970400013433	0.11439938205227845
0.4735327455465903	cosine	24.0	9.0	6.0	0.28689034348968306	0.024761821716796587
1.6269855013410957	cosine	24.0	18.0	15.0	0.20651023780253988	0.07871439991892487
-1.0998394690749007	cosine	24.0	0.0	21.0	0.2625311679869951	0.03614461188618968
-0.916766998374225	cosine	24.0	3.0	6.0	0.24125756564895978	0.04930266217726652
0.3227708019236838	cosine	24.0	18.0	21.0	0.2257234745358174	0.061136095767155875
-0.8542279067336386	cosine	24.0	15.0	9.0	0.2239804100368323	0.06259195697574524
-1.1671490010481114	cosine	24.0	6.0	21.0	0.24868087536123548	0.04433336645633893
-0.6225940487616194	cosine	24.0	3.0	9.0	0.2974985136732482	0.020841095044795872
-0.36524590273942376	cosine	24.0	21.0	6.0	0.2561041850735112	0.03977585423405737
0.7489737109846103	cosine	24.0	0.0	12.0	0.2878718795329364	0.024374796195956446
-2.0646939690166413	cosine	24.0	21.0	0.0	0.17378823796322213	0.11707097859576515
-0.19219469821636717	cosine	24.0	0.0	3.0	0.449110237592679	0.0010538706528264057
0.2877068534973063	cosine	24.0	15.0	12.0	0.2590764801522773	0.03806123580744964
-0.9874762664937087	cosine	24.0	3.0	0.0	0.1299079199648245	0.18690708075242085
-1.346564312308091	cosine	24.0	15.0	9.0	0.2239804100368323	0.06259195697574524
-0.4460050929487584	cosine	24.0	18.0	15.0	0.22152916418817914	0.06468486429452701
-0.45715519890475775	cosine	24.0	0.0	18.0	0.32477853075510776	0.013093115992743426
-0.3667456393396404	cosine	24.0	12.0	15.0	0.2140197009953595	0.07143562183788349
1.8315183701295157	cosine	24.0	21.0	9.0	0.36003052104537075	0.00685497779106477
-0.8400073409973444	cosine	24.0	21.0	3.0	0.19929591659972523	0.08622355226943118
-0.2079478461080999	cosine	24.0	9.0	6.0	0.3241488296571744	0.013239016787172118
1.7412014318641598	cosine	24.0	12.0	18.0	0.22484687520664393	0.06186491582312426
0.9177645093798271	cosine	24.0	15.0	9.0	0.18665034169736025	0.10065802899450232
-1.3741970518864273	cosine	24.0	15.0	18.0	0.18398184822408098	0.10391722445107726
0.20037030589869861	cosine	24.0	3.0	12.0	0.22555494714375637	0.0612756889104502
0.025562935654540854	cosine	24.0	15.0	6.0	0.15960115881392725	0.1372777177333498
-1.4049798373983156	cosine	24.0	12.0	15.0	0.11639667948870429	0.21276808318223123
0.6781936776138737	cosine	24.0	6.0	9.0	0.19746997668770394	0.08820646422125328
-0.061876001940371336	cosine	24.0	21.0	0.0	0.3808550746853591	0.004562440916140081
-0.7659408479811721	cosine	24.0	0.0	15.0	0.35127409801076814	0.008090044838256295
0.9545990395564014	cosine	24.0	18.0	21.0	0.35363344343944725	0.0077393670907879575
-0.16371143830639834	cosine	24.0	9.0	0.0	0.23295019131240413	0.055380662873957556
-0.6831400541291504	cosine	24.0	0.0	3.0	0.2783741142103382	0.0283411053804827
-0.2985906567493568	cosine	24.0	0.0	3.0	0.20414101708758137	0.08112374916958642
-0.24932285525063821	cosine	24.0	12.0	21.0	0.4806344715606379	0.000500170471374788
1.3840125599346276	cosine	24.0	18.0	21.0	0.1504823163572116	0.15145707876053838
-0.05101697851122739	cosine	24.0	15.0	12.0	0.2140197009953595	0.07143562183788349
0.17011952178799558	cosine	24.0	12.0	9.0	0.36280002740453254	0.006500636034123981
1.188710292896043	cosine	24.0	9.0	12.0	0.09350516170219911	0.2610415262712782
-1.8499758728030762	cosine	24.0	12.0	9.0	0.28051548510659735	0.027402861731981906
0.6418489322727795	cosine	24.0	6.0	9.0	0.24963185732219176	0.04372700742698232
-1.6685611974565786	cosine	24.0	0.0	6.0	0.20081149672944254	0.08460315962917975
1.0589571076074507	cosine	24.0	6.0	9.0	0.17511488498720915	0.11529525052334588
-0.5060539110793967	cosine	24.0	18.0	15.0	0.25156701695945766	0.04251378781533029
0.6429356938139311	cosine	24.0	15.0	18.0	0.17647238503126134	0.1134981303078686
-0.4712051638933058	cosine	24.0	6.0	0.0	0.252873736622261	0.041710063911116285
0.9678976708301996	cosine	24.0	6.0	21.0	0.330337282196268	0.011864341762666228
-0.40529524045555404	cosine	24.0	18.0	15.0	0.326661648887654	0.01266506290239042
0.2193508402586348	cosine	24.0	6.0	21.0	0.24125756564895978	0.04930266217726652
-1.5983623155523767	cosine	24.0	3.0	0.0	0.15217784910165155	0.14874946071331063
-0.6486660896072729	cosine	24.0	0.0	3.0	0.1818710879507543	0.10654892958100276
-0.13020452766599158	cosine	24.0	9.0	6.0	0.19746997668770394	0.08820646422125328
-0.508254729197993	cosine	24.0	12.0	15.0	0.2590764801522773	0.03806123580744964
-0.025330913156400296	cosine	24.0	9.0	12.0	0.24311342042571768	0.04802044059311893
1.2469133482580934	cosine	24.0	0.0	3.0	0.16702446852620292	0.12642548136726045
0.5463860482248042	cosine	24.0	0.0	21.0	0.20336921463781313	0.08192052243423542
-1.0641325545728004	cosine	24.0	6.0	3.0	0.13733122967710018	0.17356475677209343
-1.9718998703188952	cosine	24.0	3.0	9.0	0.2974985136732482	0.020841095044795872
0.8522991627071765	cosine	24.0	9.0	6.0	0.2049216739212022	0.08032379819344765
-0.42901506667475237	cosine	24.0	6.0	15.0	0.30806735305944094	0.01747083493063007
0.17138371106530248	cosine	24.0	3.0	12.0	0.4252265396972456	0.0018007516288111659
0.09990042956919289	cosine	24.0	9.0	12.0	0.19823094280866213	0.08737598727842949
1.8159474917413532	cosine	24.0	3.0	6.0	0.16702446852620292	0.12642548136726045
-2.2262630869790043	cosine	24.0	18.0	15.0	0.17647238503126134	0.1134981303078686
0.22169342760857008	cosine	24.0	21.0	15.0	0.33287837565982886	0.011336791543103485
1.2416662908424951	cosine	24.0	18.0	21.0	0.3009646327144232	0.019679757062280118
0.6804677153091468	cosine	24.0	9.0	12.0	0.24311342042571768	0.04802044059311893
0.5561852729735908	cosine	24.0	3.0	6.0	0.3823004501821978	0.004432269204779407
-0.8736152809369145	cosine	24.0	0.0	21.0	0.35127409801076814	0.008090044838256295
-0.6105421716730025	cosine	24.0	21.0	9.0	0.37487714046992215	0.0051377970621272195
-0.28427112550697203	cosine	24.0	15.0	3.0	0.40597316344388473	0.002723822944538488
0.6207406529996949	cosine	24.0	9.0	12.0	0.31043713685130103	0.016782574144907064
-1.0689284180127057	cosine	24.0	18.0	21.0	0.17305466381079335	0.11806115286078062
1.6068444830134005	cosine	24.0	0.0	3.0	0.18929439766303	0.09750285144846599
-2.134680350415648	cosine	24.0	6.0	3.0	0.2932207336348896	0.022353887279688553
-1.7310395294724819	cosine	24.0	21.0	9.0	0.2709508044980625	0.03180287707901677
-0.9013305838172081	cosine	24.0	9.0	0.0	0.3290883655048249	0.012131343131205926
-1.0196920949446147	cosine	24.0	21.0	18.0	0.2257234745358174	0.061136095767155875
-0.5812716600319773	cosine	24.0	12.0	9.0	0.4002020920854122	0.0030739268367153947
-0.946933801782065	cosine	24.0	9.0	15.0	0.32850460138735404	0.012257919988595213
-0.5444579755159153	cosine	24.0	6.0	3.0	0.26352749478578685	0.03560678181850737
-0.23729044290888965	cosine	24.0	12.0	15.0	0.19900077460972024	0.08654178804169727
-1.09351220056044	cosine	24.0	6.0	21.0	0.24868087536123548	0.04433336645633893
1.0854347295421871	cosine	24.0	12.0	9.0	0.2505938333618936	0.043120464095440875
0.3480696050624304	cosine	24.0	9.0	6.0	0.227276765621697	0.05986116155126607
1.0004676395449117	cosine	24.0	9.0	12.0	0.1683092910639584	0.12460960164846763
-1.518805349865892	cosine	24.0	21.0	3.0	0.3616851819772791	0.0066412775630506635
1.6582808441059569	cosine	24.0	12.0	15.0	0.13892506906716318	0.17078109313035117
0.8660393106722818	cosine	24.0	18.0	15.0	0.36420896485175214	0.006326666384439039
-1.2577264095462681	cosine	24.0	6.0	3.0	0.1818710879507543	0.10654892958100276
0.1789420752372982	cosine	24.0	21.0	0.0	0.1589977496259266	0.13818700065494172
0.04342381548984214	cosine	24.0	15.0	12.0	0.16896292183844172	0.12369283503412826
1.7194425447936954	cosine	24.0	0.0	3.0	0.17444777823847862	0.11618577088949705
0.5471020374052188	cosine	24.0	0.0	21.0	0.16639299379457437	0.12732468937632635
0.8314083468715345	cosine	24.0	0.0	18.0	0.33215986099954203	0.011483852877009561
-0.718169103966535	cosine	24.0	15.0	18.0	0.18398184822408098	0.10391722445107726
0.061844157478833935	cosine	24.0	9.0	12.0	0.46752580851099557	0.0006854977761750349
1.048550822838527	cosine	24.0	12.0	9.0	0.18327011693631026	0.10479929422810885
-1.3767471505355853	cosine	24.0	0.0	18.0	0.42811715417718754	0.00168992695018417
-0.35026335130048925	cosine	24.0	0.0	3.0	0.21898763651213274	0.06691183000253088
-0.14526680747954926	cosine	24.0	18.0	15.0	0.22152916418817914	0.06468486429452701
-0.28585936962688074	cosine	24.0	3.0	6.0	0.3823004501821978	0.004432269204779407
0.11343051126125776	cosine	24.0	18.0	0.0	0.21405857708859377	0.07139933215686703
-0.5317733648750462	cosine	24.0	21.0	15.0	0.2580742462980696	0.03863252516949062
-1.7887836151361938	cosine	24.0	12.0	18.0	0.23234177104686538	0.055848093948642805
-0.13781725150403162	cosine	24.0	0.0	18.0	0.45764247515492457	0.0008650668306068227
1.7382700348072544	cosine	24.0	21.0	18.0	0.24077170617153856	0.0496428218829794
-0.2544502869255038	cosine	24.0	12.0	6.0	0.3434366287231429	0.009357182198009475
0.2882874138446753	cosine	24.0	18.0	12.0	0.15739281264465074	0.14062544723114628
-0.9778328184236467	cosine	24.0	15.0	18.0	0.2816048697307362	0.026935575910470858
1.1089238648972342	cosine	24.0	12.0	6.0	0.31357257405156524	0.01590768779332286
-0.33646837668328583	cosine	24.0	21.0	0.0	0.2551359238183474	0.04034778682105685
-1.2221303362996239	cosine	24.0	0.0	9.0	0.3586693421794159	0.0070353044355588755
-0.6462945853846479	cosine	24.0	21.0	0.0	0.2551359238183474	0.04034778682105685
-0.262379871180681	cosine	24.0	3.0	0.0	0.18929439766303	0.09750285144846599
-0.9814890399739987	cosine	24.0	15.0	9.0	0.24637845104051553	0.04582950804198322
-0.9057237974311709	cosine	24.0	0.0	6.0	0.18593657104578012	0.10152240598303947
-1.296816520857842	cosine	24.0	6.0	3.0	0.2264109462244084	0.060569228522496806
1.3169980686888083	cosine	24.0	3.0	0.0	0.2932207336348896	0.022353887279688553
-1.4893090954336232	cosine	24.0	6.0	12.0	0.2239804100368323	0.06259195697574524
-0.6065731997747813	cosine	24.0	21.0	18.0	0.24077170617153856	0.0496428218829794
-1.494536633338313	cosine	24.0	21.0	18.0	0.28591640107870203	0.025150935058516143
-0.8318616452502162	cosine	24.0	15.0	18.0	0.18398184822408098	0.10391722445107726
-2.6133099105989417	cosine	24.0	18.0	21.0	0.29344051689656264	0.02227396573589996
-0.03367360599966646	cosine	24.0	3.0	18.0	0.2699264121556429	0.03230693818080994
0.7691337172293469	cosine	24.0	9.0	3.0	0.2974985136732482	0.020841095044795872
1.2549209685812077	cosine	24.0	15.0	12.0	0.29662379611637546	0.021143176383724687
-0.17526201999774849	cosine	24.0	6.0	3.0	0.31549066277171667	0.015391993660926931
0.27020836641252466	cosine	24.0	18.0	15.0	0.469341449551227	0.0006565102309762688
-0.34237498898493235	cosine	24.0	12.0	21.0	0.23472846285519525	0.05403216505640069
-0.13256601602532483	cosine	24.0	9.0	12.0	0.13838763931925468	0.17171651217030293
-0.5598637068498991	cosine	24.0	12.0	6.0	0.2613104783763044	0.03681260452934408
0.5190003450097536	cosine	24.0	6.0	12.0	0.2165143963689379	0.06913545510964812
0.08115076755024789	cosine	24.0	3.0	0.0	0.15960115881392725	0.1372777177333498
-0.42494663484639394	cosine	24.0	12.0	15.0	0.386737354430211	0.004053152147956198
0.3723825678674686	cosine	24.0	3.0	6.0	0.32291397248399234	0.01352921307913464
0.31561831750921543	cosine	24.0	18.0	0.0	0.45764247515492457	0.0008650668306068227
0.0550591257455027	cosine	24.0	0.0	21.0	0.29950738883023387	0.02016114215609676
0.015703318782590257	cosine	24.0	3.0	0.0	0.1818710879507543	0.10654892958100276
-0.17582471033863914	cosine	24.0	9.0	6.0	0.3241488296571744	0.013239016787172118
-1.287584481855195	cosine	24.0	12.0	9.0	0.40768250502158815	0.0026272690356907743
-1.243990655955288	cosine	24.0	9.0	6.0	0.37631071029166224	0.0049942265676904355
0.1776826485326906	cosine	24.0	6.0	3.0	0.21898763651213274	0.06691183000253088
-0.8763954267347867	cosine	24.0	18.0	9.0	0.17444777823847862	0.11618577088949705
-0.3915843339993723	cosine	24.0	21.0	0.0	0.3142978771675294	0.015710968084713377
0.33448105760188895	cosine	24.0	18.0	0.0	0.26572788879963366	0.03444220575113408
0.2676964782090014	cosine	24.0	0.0	3.0	0.21156432679985704	0.0737564416596048
-0.061823914575996605	cosine	24.0	9.0	12.0	0.2580742462980696	0.03863252516949062
-0.5044824518547074	cosine	24.0	21.0	15.0	0.10846598757455098	0.2288741223274814
-0.05842699854015251	cosine	24.0	21.0	0.0	0.3808550746853591	0.004562440916140081
0.5626950591058675	cosine	24.0	12.0	9.0	0.36280002740453254	0.006500636034123981
1.0818295120278474	cosine	24.0	15.0	6.0	0.3823004501821978	0.004432269204779407
-0.26649440145287157	cosine	24.0	3.0	0.0	0.2338342559366841	0.05470697449766232
-0.6699455179098733	cosine	24.0	21.0	18.0	0.2257234745358174	0.061136095767155875
-0.1332934348346367	cosine	24.0	18.0	15.0	0.19900077460972024	0.08654178804169727
0.274073163136906	cosine	24.0	0.0	9.0	0.28471690049293835	0.0256371939762934
1.0724650026872642	cosine	24.0	0.0	21.0	0.22555494714375637	0.0612756889104502
0.9434661152651787	cosine	24.0	18.0	12.0	0.5096529171350596	0.00024233257194224332
2.1487328302686586	cosine	24.0	0.0	18.0	0.3173972005106735	0.014893695995628085
-0.9613453836146386	cosine	24.0	15.0	6.0	0.43426361816812764	0.0014746410900555347
0.6613070710632794	cosine	24.0	12.0	21.0	0.5104412604946309	0.00023748549098264295
-1.4068054064963431	cosine	24.0	21.0	18.0	0.19562701126437507	0.09024213396007019
0.1464029953638812	cosine	24.0	9.0	12.0	0.3253979627236529	0.012950952528887621
-1.3581040120725132	cosine	24.0	9.0	12.0	0.2580742462980696	0.03863252516949062
0.05736113535807421	cosine	24.0	18.0	21.0	0.3235369801680049	0.01338212467957003
0.15779590075968095	cosine	24.0	3.0	21.0	0.32477853075510776	0.013093115992743426
1.3786891971370037	cosine	24.0	12.0	18.0	0.5246427088155025	0.00016425646602544466
0.2513749368557992	cosine	24.0	21.0	15.0	0.2580742462980696	0.03863252516949062
0.31685553498350205	cosine	24.0	6.0	12.0	0.23144642370472673	0.05654161670725406
-0.08403272537917506	cosine	24.0	3.0	6.0	0.17444777823847862	0.11618577088949705
-0.25312093853215784	cosine	24.0	15.0	9.0	0.2837085193799876	0.026052042441162368
-1.8516762103668725	cosine	24.0	6.0	0.0	0.2826235879895858	0.026504638918733395
0.04992607567505289	cosine	24.0	15.0	0.0	0.3290883655048249	0.012131343131205926
2.1346006121163956	cosine	24.0	9.0	6.0	0.1825665822207074	0.1056765215839412
0.17158523858816838	cosine	24.0	18.0	0.0	0.3395411912439763	0.010049245916082774
0.3102441931177515	cosine	24.0	15.0	12.0	0.17647238503126134	0.1134981303078686
0.8717377345844155	cosine	24.0	15.0	0.0	0.24774067964969962	0.04493949144849353
-0.7184477883441487	cosine	24.0	6.0	9.0	0.1453080960532161	0.15992129427517754
-1.1018246805231309	cosine	24.0	9.0	6.0	0.24963185732219176	0.04372700742698232
1.0050566996677144	cosine	24.0	15.0	9.0	0.4330287927378758	0.001515769646493836
-0.8349975120770071	cosine	24.0	0.0	3.0	0.37487714046992215	0.0051377970621272195
0.9003673481630434	cosine	24.0	21.0	18.0	0.5944051496109858	2.3576631316783202e-05
0.3631749623803503	cosine	24.0	21.0	0.0	0.22555494714375637	0.0612756889104502
1.816600283369174	cosine	24.0	18.0	15.0	0.24405755376663804	0.047378451921575866
0.2777389842670445	cosine	24.0	0.0	21.0	0.17378823796322213	0.11707097859576515
0.8326744320543112	cosine	24.0	21.0	0.0	0.1885787263005176	0.09834961988888624
-0.48538879696105	cosine	24.0	0.0	3.0	0.3377605919085437	0.010380190257282039
0.31040428243220003	cosine	24.0	0.0	3.0	0.2561041850735112	0.03977585423405737
0.2940609953550779	cosine	24.0	6.0	9.0	0.25708355455569004	0.03920408275739036
0.4730299715086553	cosine	24.0	12.0	18.0	0.1873723960055366	0.09978909481037329
0.10720954816622436	cosine	24.0	21.0	0.0	0.21076445880646086	0.0745247925817003
0.9782144241317774	cosine	24.0	3.0	0.0	0.21898763651213274	0.06691183000253088
-0.09672318906776207	cosine	24.0	3.0	0.0	0.2932207336348896	0.022353887279688553
0.3412330091934837	cosine	24.0	6.0	9.0	0.24963185732219176	0.04372700742698232
-0.00535422486853025	cosine	24.0	0.0	15.0	0.24774067964969962	0.04493949144849353
-0.18183639433898705	cosine	24.0	0.0	3.0	0.16702446852620292	0.12642548136726045
0.49226129888942144	cosine	24.0	21.0	0.0	0.19597397046916537	0.08985625322931617
-1.4377176527241349	cosine	24.0	0.0	21.0	0.24774067964969962	0.04493949144849353
-1.6710032858134511	cosine	24.0	12.0	3.0	0.19597397046916537	0.08985625322931617
-0.534622537267452	cosine	24.0	21.0	3.0	0.35430385173284484	0.007642194440630212
-1.1328362935118776	cosine	24.0	6.0	9.0	0.19746997668770394	0.08820646422125328
-1.1619255702969589	cosine	24.0	18.0	15.0	0.2891143329235558	0.023892184636934675
-0.4236920533238597	cosine	24.0	6.0	9.0	0.27198694902268655	0.031299660183120276
0.22387743173848135	cosine	24.0	15.0	12.0	0.2891143329235558	0.023892184636934675
0.35443741968510717	cosine	24.0	21.0	6.0	0.3526072113330951	0.00789022129915346
-1.2112792679740503	cosine	24.0	9.0	6.0	0.2049216739212022	0.08032379819344765
-0.2466742854647315	cosine	24.0	9.0	18.0	0.17444777823847862	0.11618577088949705
0.2649292250467619	cosine	24.0	21.0	6.0	0.12248461025254881	0.20086613625359467
0.44920674564573343	cosine	24.0	9.0	3.0	0.23056134809676734	0.057233835382467506
0.4766399593738551	cosine	24.0	6.0	21.0	0.5159200250031601	0.0002062175984669419
-0.2455724838626329	cosine	24.0	21.0	18.0	0.24829582198939915	0.044580801125198674
-0.28027531249354687	cosine	24.0	21.0	3.0	0.32477853075510776	0.013093115992743426
0.9317189723716248	cosine	24.0	18.0	0.0	0.26572788879963366	0.03444220575113408
-1.1127414498255743	cosine	24.0	6.0	9.0	0.24963185732219176	0.04372700742698232
-0.7395252422665612	cosine	24.0	3.0	6.0	0.41199368903130057	0.0023973316316347427
1.801427031677247	cosine	24.0	21.0	12.0	0.24963185732219176	0.04372700742698232
-0.724456482212831	cosine	24.0	6.0	3.0	0.31549066277171667	0.015391993660926931
0.35105316252091695	cosine	24.0	18.0	21.0	0.33106109598586553	0.011711945696637922
-0.8839461704553833	cosine	24.0	12.0	21.0	0.2794386462561848	0.02787139059585182
1.2399227691455537	cosine	24.0	21.0	0.0	0.1885787263005176	0.09834961988888624
0.2159913535891842	cosine	24.0	15.0	18.0	0.27409540653791653	0.03029598352690821
1.6388064235282565	cosine	24.0	15.0	12.0	0.19900077460972024	0.08654178804169727
0.4593042246626019	cosine	24.0	6.0	0.0	0.290061050831417	0.023529860808762543
0.3680768648824862	cosine	24.0	9.0	12.0	0.23563300748954177	0.05335627493079011
0.2300889096583309	cosine	24.0	9.0	6.0	0.3017937379566796	0.019410252116110444
0.4586952744338566	cosine	24.0	9.0	18.0	0.15217784910165155	0.14874946071331063
1.3682144873583295	cosine	24.0	15.0	18.0	0.2816048697307362	0.026935575910470858
-0.7034040886971934	cosine	24.0	18.0	15.0	0.0938682899102454	0.2602341422708193
0.39999714692813465	cosine	24.0	21.0	3.0	0.24358389806633082	0.04769966180633572
0.39473268872426204	cosine	24.0	9.0	6.0	0.17511488498720915	0.11529525052334588
0.46125059741666524	cosine	24.0	9.0	18.0	0.3674538307576464	0.00594159154192835
0.5509812212854414	cosine	24.0	6.0	3.0	0.19671770737530567	0.08903321910476264
0.27698726947109614	cosine	24.0	21.0	18.0	0.2558199378072597	0.039943065844359166
0.3488146431827226	cosine	24.0	15.0	12.0	0.3792278912373914	0.004713061061363689
0.952028234112402	cosine	24.0	0.0	3.0	0.20414101708758137	0.08112374916958642
0.12536819675806982	cosine	24.0	6.0	12.0	0.23891243737262113	0.050961859814427864
-1.6628771462399592	cosine	24.0	21.0	3.0	0.2066772468441595	0.07854663026645384
2.091219363879683	cosine	24.0	21.0	18.0	0.28591640107870203	0.025150935058516143
0.5978157829770432	cosine	24.0	6.0	3.0	0.32291397248399234	0.01352921307913464
-2.4930022690983207	cosine	24.0	6.0	9.0	0.12295300435272132	0.19996727842991724
2.309438376364365	cosine	24.0	18.0	15.0	0.25156701695945766	0.04251378781533029
1.4238817694196706	cosine	24.0	12.0	9.0	0.28051548510659735	0.027402861731981906
-0.95041297439539	cosine	24.0	3.0	6.0	0.16702446852620292	0.12642548136726045
0.014126707001868617	cosine	24.0	15.0	12.0	0.25156701695945766	0.04251378781533029
-0.7743852082868558	cosine	24.0	0.0	21.0	0.3069026329988816	0.017817847893956983
-0.061675310564043906	cosine	24.0	15.0	18.0	0.46183198635840733	0.0007842318242674856
-2.8807983763391642	cosine	24.0	15.0	18.0	0.25156701695945766	0.04251378781533029
0.8168059853641275	cosine	24.0	9.0	12.0	0.28051548510659735	0.027402861731981906
0.6889391943512679	cosine	24.0	15.0	21.0	0.2206721816171899	0.0654292553875976
-0.01359803685900928	cosine	24.0	9.0	6.0	0.37631071029166224	0.0049942265676904355
2.6417378402655864	cosine	24.0	3.0	6.0	0.3377605919085437	0.010380190257282039
3.254314235221018	cosine	24.0	3.0	9.0	0.05949970273464964	0.3418806640861196
-1.9526082004507805	cosine	24.0	15.0	12.0	0.22903862738099875	0.05844034568396187
-0.8729313676376249	cosine	24.0	21.0	18.0	0.19562701126437507	0.09024213396007019
1.3028809513093655	cosine	24.0	21.0	0.0	0.10723104044539238	0.2314422767873972
0.9653353364281977	cosine	24.0	9.0	15.0	0.17918432802946585	0.10996794592401771
1.0889655818151651	cosine	24.0	12.0	3.0	0.2551359238183474	0.04034778682105685
-1.0570845345625268	cosine	24.0	6.0	3.0	0.449110237592679	0.0010538706528264057
-1.4428859027600913	cosine	24.0	21.0	0.0	0.11462628461404012	0.21630498612695365
-0.5842616008650972	cosine	24.0	12.0	15.0	0.3116427225020147	0.016441424648025
-0.6384738184432542	cosine	24.0	3.0	18.0	0.23295019131240413	0.055380662873957556
-0.65862727376298	cosine	24.0	9.0	18.0	0.3897237598944735	0.0038145915220834077
1.6244503038446454	cosine	24.0	15.0	3.0	0.11810128391094828	0.20939473758024713
-2.7292599390094785	cosine	24.0	15.0	12.0	0.19900077460972024	0.08654178804169727
0.5604549667978745	cosine	24.0	15.0	0.0	0.19597397046916537	0.08985625322931617
1.8224565688380865	cosine	24.0	18.0	0.0	0.23620256782189655	0.052934139906380795
-0.5399634512947892	cosine	24.0	18.0	12.0	0.5096529171350596	0.00024233257194224332
2.418283025978311	cosine	24.0	12.0	9.0	0.28799589804277326	0.02432625829671131
-0.09294413809012146	cosine	24.0	15.0	21.0	0.317917549787477	0.014760129652761701
0.7457579322038476	cosine	24.0	18.0	3.0	0.3586693421794159	0.0070353044355588755
0.16790557741521348	cosine	24.0	9.0	6.0	0.2049216739212022	0.08032379819344765
-0.6251838027194538	cosine	24.0	15.0	12.0	0.34919003846611285	0.0084113441669734
-0.6053057342319824	cosine	24.0	0.0	18.0	0.19929591659972523	0.08622355226943118
0.29029763294672084	cosine	24.0	6.0	9.0	0.45082768262664485	0.0010130720578278318
0.5675882986471839	cosine	24.0	3.0	0.0	0.24125756564895978	0.04930266217726652
-0.15209183409262533	cosine	24.0	12.0	6.0	0.418096765402087	0.0021029146087392712
-0.7395220113969926	cosine	24.0	9.0	15.0	0.40316473806629816	0.002889432401796725
0.3239019361257957	cosine	24.0	3.0	6.0	0.19671770737530567	0.08903321910476264
0.8375388214424839	cosine	24.0	12.0	0.0	0.35430385173284484	0.007642194440630212
-0.5121925581065074	cosine	24.0	3.0	6.0	0.24868087536123548	0.04433336645633893
-0.43905158992354293	cosine	24.0	21.0	18.0	0.24077170617153856	0.0496428218829794
0.23304408618592184	cosine	24.0	18.0	9.0	0.2783741142103382	0.0283411053804827
0.032697568970523956	cosine	24.0	15.0	18.0	0.20651023780253988	0.07871439991892487
-0.6586363928629706	cosine	24.0	12.0	9.0	0.2655546592342455	0.03453273942337478
-0.8464865397819681	cosine	24.0	12.0	0.0	0.19929591659972523	0.08622355226943118
-0.07936347177376969	cosine	24.0	6.0	3.0	0.24868087536123548	0.04433336645633893
0.7254082766801768	cosine	24.0	3.0	0.0	0.2264109462244084	0.060569228522496806
-0.7616371238798392	cosine	24.0	9.0	12.0	0.20571135574483804	0.0795206783939611
1.6746897102271099	cosine	24.0	21.0	0.0	0.4695980047091321	0.0006525066655595678
2.4782592499351033	cosine	24.0	9.0	18.0	0.3377605919085437	0.010380190257282039
0.6936286268915216	cosine	24.0	9.0	12.0	0.3253979627236529	0.012950952528887621
0.3921614862538305	cosine	24.0	9.0	6.0	0.2421801600886935	0.04866185976418303
0.07775513648632547	cosine	24.0	21.0	18.0	0.20315112708223565	0.08214673110717585
-0.2723261649995385	cosine	24.0	21.0	0.0	0.2625311679869951	0.03614461188618968
-0.076035943823222	cosine	24.0	21.0	3.0	0.21405857708859377	0.07139933215686703
-1.538133057557208	cosine	24.0	9.0	3.0	0.19337403388761132	0.0927778374767943
-1.8504432474089094	cosine	24.0	3.0	0.0	0.37487714046992215	0.0051377970621272195
-0.9174538606368955	cosine	24.0	9.0	21.0	0.19671770737530567	0.08903321910476264
-0.4085915970074844	cosine	24.0	0.0	3.0	0.2561041850735112	0.03977585423405737
-0.9383738518330492	cosine	24.0	6.0	3.0	0.30806735305944094	0.01747083493063007
-0.6582667496538818	cosine	24.0	21.0	3.0	0.19191458635529096	0.09444831922890234
0.3631682117229071	cosine	24.0	18.0	0.0	0.16238926537755388	0.1331294177656946
-0.4113381890672404	cosine	24.0	0.0	21.0	0.2551359238183474	0.04034778682105685
0.2870558622184939	cosine	24.0	21.0	0.0	0.14420726128863112	0.16176125330350544
-1.0391898668781214	cosine	24.0	18.0	15.0	0.20651023780253988	0.07871439991892487
0.5844977192863101	cosine	24.0	9.0	12.0	0.10846598757455098	0.2288741223274814
1.3434758510315314	cosine	24.0	9.0	6.0	0.37631071029166224	0.0049942265676904355
1.120068120801212	cosine	24.0	12.0	15.0	0.34168057527329326	0.009663826561076
0.4324099271512908	cosine	24.0	9.0	12.0	0.3777608532768844	0.004852642849707168
-0.8232112792672077	cosine	24.0	15.0	6.0	0.2857974239226139	0.02519881865604328
0.32502078401966117	cosine	24.0	0.0	3.0	0.2264109462244084	0.060569228522496806
0.660043838651746	cosine	24.0	12.0	15.0	0.20651023780253988	0.07871439991892487
-0.03517386326480332	cosine	24.0	9.0	12.0	0.28799589804277326	0.02432625829671131
1.0693679217308039	cosine	24.0	9.0	12.0	0.22815259455336584	0.059151522051165605
0.42313395762160133	cosine	24.0	12.0	18.0	0.2923009377686371	0.022690989351006358
1.1945558100917781	cosine	24.0	21.0	12.0	0.21237337115470045	0.07298545049751572
-0.7174775939798511	cosine	24.0	21.0	12.0	0.19001827945420569	0.09665182047357779
-0.47668101650923533	cosine	24.0	0.0	3.0	0.2338342559366841	0.05470697449766232
-1.7493167186292926	cosine	24.0	21.0	0.0	0.21815970297510862	0.06764995867882109
0.09902261168649204	cosine	24.0	18.0	21.0	0.42135048580019246	0.001959732062320254
0.16075088493143452	cosine	24.0	21.0	15.0	0.28799589804277326	0.02432625829671131
-2.3398916894652473	cosine	24.0	18.0	21.0	0.27086816944298087	0.031843296004397496
-0.6761870474668473	cosine	24.0	15.0	6.0	0.2709508044980625	0.03180287707901677
1.7578229887197185	cosine	24.0	18.0	21.0	0.21067524290009623	0.0746108704887449
-2.2516413836742317	cosine	24.0	21.0	0.0	0.21815970297510862	0.06764995867882109
-0.8878963744342114	cosine	24.0	9.0	3.0	0.26774866230592337	0.033400440030095055
-0.010672334918700536	cosine	24.0	9.0	12.0	0.4525649826386437	0.0009732808893706042
1.2499086085583968	cosine	24.0	21.0	18.0	0.3235369801680049	0.01338212467957003
0.27000170703009885	cosine	24.0	18.0	0.0	0.413354493688319	0.00232862927072122
0.012336514054323486	cosine	24.0	12.0	15.0	0.20651023780253988	0.07871439991892487
0.7708912603478647	cosine	24.0	6.0	12.0	0.2762425057120932	0.02930147114696944
0.38286787377169007	cosine	24.0	15.0	12.0	0.24405755376663804	0.047378451921575866
0.28183912795183497	cosine	24.0	0.0	3.0	0.330337282196268	0.011864341762666228
0.4476876290050474	cosine	24.0	15.0	12.0	0.29662379611637546	0.021143176383724687
-0.5178397416489041	cosine	24.0	6.0	15.0	0.2338342559366841	0.05470697449766232
0.20439736511586773	cosine	24.0	12.0	3.0	0.3142978771675294	0.015710968084713377
-0.7159546110076642	cosine	24.0	0.0	12.0	0.22143990733302804	0.06476208627439409
0.5440872141858344	cosine	24.0	12.0	9.0	0.41516291795776405	0.002240087373258416
1.4968512665445084	cosine	24.0	3.0	6.0	0.20414101708758137	0.08112374916958642
0.0033832835307369058	cosine	24.0	3.0	21.0	0.2583465585551994	0.03847661585264555
-0.09503109992714946	cosine	24.0	21.0	18.0	0.19562701126437507	0.09024213396007019
0.0030973376018529437	cosine	24.0	9.0	6.0	0.19746997668770394	0.08820646422125328
1.029732284637658	cosine	24.0	0.0	21.0	0.3142978771675294	0.015710968084713377
0.7222239252984012	cosine	24.0	6.0	3.0	0.3897237598944735	0.0038145915220834077
-0.15267935996675852	cosine	24.0	0.0	3.0	0.16702446852620292	0.12642548136726045
-0.7481075995712755	cosine	24.0	0.0	21.0	0.34387885384212036	0.009281315096840078
-0.7488115760979278	cosine	24.0	9.0	21.0	0.30064404334716527	0.019784814684414773
-0.7244274048467555	cosine	24.0	12.0	9.0	0.3029567239151251	0.019037505968002938
0.08899426222231156	cosine	24.0	0.0	6.0	0.1710616453621177	0.12078118127288895
0.317220739465809	cosine	24.0	15.0	9.0	0.31357257405156524	0.01590768779332286
1.013322203503087	cosine	24.0	21.0	15.0	0.13838763931925468	0.17171651217030293
-2.3784686333116976	cosine	24.0	12.0	9.0	0.19823094280866213	0.08737598727842949
-1.5791596754123953	cosine	24.0	6.0	12.0	0.30610656038367084	0.018058395440036235
1.0002180620693626	cosine	24.0	9.0	15.0	0.17918432802946585	0.10996794592401771
0.10294076376061456	cosine	24.0	6.0	0.0	0.2603111994640922	0.03736692036454452
-0.3648638510920451	cosine	24.0	12.0	3.0	0.2699264121556429	0.03230693818080994
0.3354505733406394	cosine	24.0	3.0	6.0	0.30064404334716527	0.019784814684414773
0.43529154050622915	cosine	24.0	12.0	18.0	0.28480604192841563	0.025600788696373288
0.8882655275021653	cosine	24.0	12.0	15.0	0.22903862738099875	0.05844034568396187
-0.47196112063224216	cosine	24.0	21.0	15.0	0.43760415676629183	0.0013684291595957054
0.7792946164626922	cosine	24.0	3.0	9.0	0.3123734393569106	0.016237554289091953
-1.1855076652316907	cosine	24.0	0.0	21.0	0.2699264121556429	0.03230693818080994
1.1728900209156947	cosine	24.0	21.0	0.0	0.1885787263005176	0.09834961988888624
-0.615297155138691	cosine	24.0	0.0	21.0	0.21076445880646086	0.0745247925817003
0.17532862339328817	cosine	24.0	21.0	0.0	0.24034543548105186	0.04994280222373064
-0.054736220070094	cosine	24.0	15.0	18.0	0.25156701695945766	0.04251378781533029
-1.81156855066959	cosine	24.0	15.0	18.0	0.12390614268152392	0.1981456709240792
-0.4965054706960072	cosine	24.0	6.0	0.0	0.16362418252028652	0.1313198924872857
0.7814482929821923	cosine	24.0	18.0	15.0	0.12390614268152392	0.1981456709240792
1.6705935537630785	cosine	24.0	18.0	21.0	0.24077170617153856	0.0496428218829794
0.039072965772644	cosine	24.0	0.0	3.0	0.31549066277171667	0.015391993660926931
-0.5060619243221549	cosine	24.0	6.0	3.0	0.2857974239226139	0.02519881865604328
1.6062142824937178	cosine	24.0	15.0	21.0	0.36280002740453254	0.006500636034123981
0.9941079472920437	cosine	24.0	15.0	12.0	0.29662379611637546	0.021143176383724687
0.3766784890439241	cosine	24.0	6.0	12.0	0.291174533047882	0.023109639719022
0.4096088168837219	cosine	24.0	3.0	9.0	0.2826235879895858	0.026504638918733395
0.07133813116263772	cosine	24.0	9.0	3.0	0.16362418252028652	0.1313198924872857
0.49675134987788216	cosine	24.0	18.0	15.0	0.13141560587434356	0.18414709071421098
0.3438814298195557	cosine	24.0	21.0	9.0	0.2932207336348896	0.022353887279688553
-0.3385640344853024	cosine	24.0	9.0	15.0	0.24637845104051553	0.04582950804198322
0.03877689359297398	cosine	24.0	21.0	0.0	0.12202152878268788	0.2017571781780051
0.7929808590734514	cosine	24.0	15.0	12.0	0.22152916418817914	0.06468486429452701
-0.22495550638843453	cosine	24.0	3.0	0.0	0.15960115881392725	0.1372777177333498
0.34319533552705295	cosine	24.0	3.0	9.0	0.17849910820394893	0.11085238011984289
-1.1479864885801145	cosine	24.0	12.0	15.0	0.15394399545280243	0.1459636853800239
0.06488052803705802	cosine	24.0	18.0	21.0	0.27086816944298087	0.031843296004397496
-0.6826728933150523	cosine	24.0	18.0	15.0	0.16145345864562208	0.13451203512311516
0.14701128821341028	cosine	24.0	0.0	21.0	0.24774067964969962	0.04493949144849353
-1.38994524926012	cosine	24.0	15.0	6.0	0.16702446852620292	0.12642548136726045
-0.13817559091912676	cosine	24.0	12.0	9.0	0.3029567239151251	0.019037505968002938
-2.213087577661155	cosine	24.0	0.0	3.0	0.15217784910165155	0.14874946071331063
-1.2798327663660725	cosine	24.0	3.0	9.0	0.2751861251477546	0.029787333680552044
-0.19870832232275254	cosine	24.0	12.0	9.0	0.23563300748954177	0.05335627493079011
-0.09163359973382627	cosine	24.0	18.0	21.0	0.28591640107870203	0.025150935058516143
1.3337699516054857	cosine	24.0	18.0	12.0	0.30729072944908004	0.017701572158703112
-1.1064567105379297	cosine	24.0	9.0	12.0	0.23563300748954177	0.05335627493079011
0.8202488925936291	cosine	24.0	15.0	12.0	0.16896292183844172	0.12369283503412826
-0.048489338839503265	cosine	24.0	9.0	12.0	0.317917549787477	0.014760129652761701
0.5589762780662454	cosine	24.0	21.0	0.0	0.3142978771675294	0.015710968084713377
-0.9288310471624834	cosine	24.0	3.0	18.0	0.39564556302265463	0.003378433371147737
0.4603176558848107	cosine	24.0	9.0	15.0	0.23144642370472673	0.05654161670725406
-1.5615715498152014	cosine	24.0	0.0	21.0	0.24774067964969962	0.04493949144849353
-0.11114204009409713	cosine	24.0	9.0	21.0	0.24868087536123548	0.04433336645633893
0.33302075651865204	cosine	24.0	6.0	12.0	0.32850460138735404	0.012257919988595213
2.0042672257949437	cosine	24.0	15.0	18.0	0.20651023780253988	0.07871439991892487
1.0321209276457435	cosine	24.0	12.0	9.0	0.15334846519160655	0.14689908245619482
-1.178143639201611	cosine	24.0	15.0	12.0	0.2590764801522773	0.03806123580744964
-0.7568112909166557	cosine	24.0	15.0	18.0	0.4543225231655877	0.0009344907811765314
-0.9405346694648885	cosine	24.0	0.0	9.0	0.17378823796322213	0.11707097859576515
-0.25468790763517346	cosine	24.0	6.0	3.0	0.3897237598944735	0.0038145915220834077
-2.254973869605045	cosine	24.0	15.0	6.0	0.37487714046992215	0.0051377970621272195
-1.477857690088532	cosine	24.0	6.0	3.0	0.32291397248399234	0.01352921307913464
1.5089986572993823	cosine	24.0	12.0	15.0	0.22903862738099875	0.05844034568396187
0.4837632364909661	cosine	24.0	6.0	15.0	0.4639568570172304	0.0007459471323478724
1.1614320660257564	cosine	24.0	15.0	12.0	0.3116427225020147	0.016441424648025
-0.43725782013726705	cosine	24.0	0.0	6.0	0.20081149672944254	0.08460315962917975
0.4325493792882685	cosine	24.0	15.0	12.0	0.20651023780253988	0.07871439991892487
-0.7329637785658313	cosine	24.0	15.0	18.0	0.2816048697307362	0.026935575910470858
1.0453465867375669	cosine	24.0	3.0	9.0	0.252873736622261	0.041710063911116285
0.09447626580611973	cosine	24.0	9.0	6.0	0.3092454351901779	0.01712572740233685
0.1461118515540747	cosine	24.0	12.0	9.0	0.31043713685130103	0.016782574144907064
0.5017824613223946	cosine	24.0	6.0	3.0	0.30064404334716527	0.019784814684414773
-0.7534023519076489	cosine	24.0	9.0	3.0	0.17849910820394893	0.11085238011984289
1.7422814276546261	cosine	24.0	21.0	15.0	0.19823094280866213	0.08737598727842949
-2.4580271797856255	cosine	24.0	21.0	0.0	0.22555494714375637	0.0612756889104502
0.28190148933865494	cosine	24.0	12.0	18.0	0.21735197936642245	0.06837611648478077
-0.6455845929657461	cosine	24.0	21.0	0.0	0.1885787263005176	0.09834961988888624
-0.13355114623680153	cosine	24.0	6.0	18.0	0.21486787516262046	0.07064708552569052
1.6132121081899762	cosine	24.0	3.0	12.0	0.3290883655048249	0.012131343131205926
1.2807910308529398	cosine	24.0	21.0	0.0	0.1589977496259266	0.13818700065494172
-0.7034003024118403	cosine	24.0	3.0	0.0	0.24125756564895978	0.04930266217726652
1.255999252877551	cosine	24.0	0.0	3.0	0.4045703793190249	0.002805441148677372
0.37241715818096605	cosine	24.0	6.0	3.0	0.16702446852620292	0.12642548136726045
0.3314627543137611	cosine	24.0	21.0	0.0	0.3069026329988816	0.017817847893956983
-0.06081873750638702	cosine	24.0	0.0	18.0	0.4207358239327533	0.0019860827842088013
2.460889101398858	cosine	24.0	18.0	12.0	0.17238260432509367	0.1189734811540229
2.2138075010097373	cosine	24.0	18.0	3.0	0.1885787263005176	0.09834961988888624
-1.7689533916944549	cosine	24.0	15.0	21.0	0.35531961446835664	0.007497010747590814
-0.9224156809931309	cosine	24.0	12.0	6.0	0.2090483827010435	0.07619384796207052
-1.5733150587351123	cosine	24.0	6.0	9.0	0.2794386462561848	0.02787139059585182
-0.3889223441458982	cosine	24.0	3.0	6.0	0.2264109462244084	0.060569228522496806
0.7275891847766033	cosine	24.0	18.0	15.0	0.1914913114169006	0.09493692298572759
-1.2106835867171044	cosine	24.0	21.0	18.0	0.31601286435014436	0.015254106285572607
-0.5295124725775441	cosine	24.0	6.0	3.0	0.18929439766303	0.09750285144846599
0.1694766310914975	cosine	24.0	21.0	18.0	0.2783922852608415	0.028333032653019858
-1.429147509278488	cosine	24.0	21.0	3.0	0.1845332561108567	0.10323755908592297
-0.1609711785924061	cosine	24.0	0.0	18.0	0.14024527464425107	0.16849709470074392
0.5834168007799557	cosine	24.0	12.0	0.0	0.2731092190440679	0.030762062328506853
0.8768617773365035	cosine	24.0	3.0	21.0	0.26572788879963366	0.03444220575113408
-0.2160281729147061	cosine	24.0	12.0	18.0	0.2473315627273083	0.04520531538629516
-1.202127061582741	cosine	24.0	9.0	12.0	0.4525649826386437	0.0009732808893706042
0.7518027632225806	cosine	24.0	0.0	21.0	0.24034543548105186	0.04994280222373064
0.5889024694095131	cosine	24.0	21.0	0.0	0.19597397046916537	0.08985625322931617
1.3591145041444017	cosine	24.0	12.0	15.0	0.26658594334509694	0.03399663812377356
0.3135433985829276	cosine	24.0	18.0	15.0	0.2891143329235558	0.023892184636934675
0.4100968519640596	cosine	24.0	18.0	3.0	0.17378823796322213	0.11707097859576515
0.8996167208877596	cosine	24.0	12.0	9.0	0.24311342042571768	0.04802044059311893
0.481236383723328	cosine	24.0	9.0	12.0	0.3777608532768844	0.004852642849707168
0.5630497100922991	cosine	24.0	15.0	9.0	0.31357257405156524	0.01590768779332286
0.3408345426128109	cosine	24.0	3.0	9.0	0.3198109021987418	0.014282791544260957
0.7851671443307053	cosine	24.0	12.0	3.0	0.3216931213361771	0.01382149916799702
0.6985432457917834	cosine	24.0	0.0	18.0	0.22143990733302804	0.06476208627439409
-1.1314511110983512	cosine	24.0	15.0	0.0	0.16639299379457437	0.12732468937632635
0.636155840124455	cosine	24.0	12.0	15.0	0.5369266182866037	0.00011854903346856053
-2.2744087319699284	cosine	24.0	15.0	6.0	0.36003052104537075	0.00685497779106477
-0.8296720075041626	cosine	24.0	3.0	9.0	0.13387433115296168	0.17970086338364383
1.1321842552189336	cosine	24.0	12.0	18.0	0.19486729184575807	0.09109137384214772
-0.9935035175458355	cosine	24.0	12.0	9.0	0.34035878859600477	0.009900396537324115
-1.0977594497173029	cosine	24.0	3.0	0.0	0.3451839016208194	0.009060553512911972
0.2445938983293146	cosine	24.0	3.0	21.0	0.2878718795329364	0.024374796195956446
-0.40928312473680273	cosine	24.0	6.0	18.0	0.4593726986235334	0.0008307964046710896
1.5321989944799197	cosine	24.0	18.0	15.0	0.2365480905738184	0.052679346147498834
0.6410901857965627	cosine	24.0	18.0	6.0	0.24450482346091293	0.047076729066586956
-1.4041154169049475	cosine	24.0	6.0	9.0	0.3241488296571744	0.013239016787172118
-0.5017022172249962	cosine	24.0	15.0	18.0	0.2816048697307362	0.026935575910470858
-0.8081353138061158	cosine	24.0	9.0	6.0	0.2421801600886935	0.04866185976418303
0.3744677132692589	cosine	24.0	21.0	6.0	0.2561041850735112	0.03977585423405737
0.3652653103426398	cosine	24.0	15.0	0.0	0.19597397046916537	0.08985625322931617
0.2697141500913169	cosine	24.0	6.0	9.0	0.15275979328671438	0.14782765030387718
0.36371238228985286	cosine	24.0	3.0	21.0	0.30263454002180495	0.019140153805216078
-1.44574508012127	cosine	24.0	12.0	3.0	0.33648360967347263	0.010623344634627566
-0.013268566348933086	cosine	24.0	6.0	3.0	0.09279137140344607	0.2626323221755049
0.29291947824691655	cosine	24.0	0.0	21.0	0.24034543548105186	0.04994280222373064
0.22475292498324292	cosine	24.0	6.0	3.0	0.24125756564895978	0.04930266217726652
1.8366870637406572	cosine	24.0	21.0	18.0	0.18057877962865393	0.10818374624007071
0.12037793215561886	cosine	24.0	21.0	0.0	0.2551359238183474	0.04034778682105685
-0.796786984295397	cosine	24.0	21.0	15.0	0.3253979627236529	0.012950952528887621
1.3671014329123574	cosine	24.0	6.0	3.0	0.3823004501821978	0.004432269204779407
0.19954360221364317	cosine	24.0	18.0	6.0	0.23709558638633982	0.052277608187366195
0.9245674528187511	cosine	24.0	0.0	9.0	0.23295019131240413	0.055380662873957556
-0.519266200137803	cosine	24.0	6.0	3.0	0.17444777823847862	0.11618577088949705
1.505824299698233	cosine	24.0	3.0	0.0	0.36003052104537075	0.00685497779106477
-1.8126142148643853	cosine	24.0	9.0	18.0	0.18929439766303	0.09750285144846599
-0.8454087231769584	cosine	24.0	12.0	9.0	0.2655546592342455	0.03453273942337478
-0.030255492030809468	cosine	24.0	21.0	0.0	0.4400170280345411	0.0012961112381875797
-1.0138327192313203	cosine	24.0	21.0	18.0	0.23324759035367798	0.05515330692798147
0.33429628666670824	cosine	24.0	6.0	15.0	0.32291397248399234	0.01352921307913464
-0.5953781344645697	cosine	24.0	9.0	6.0	0.3017937379566796	0.019410252116110444
-0.26199562763928064	cosine	24.0	15.0	18.0	0.24405755376663804	0.047378451921575866
0.33437920690657524	cosine	24.0	12.0	15.0	0.25156701695945766	0.04251378781533029
0.974939426578832	cosine	24.0	9.0	15.0	0.2165143963689379	0.06913545510964812
0.4605700396961421	cosine	24.0	12.0	6.0	0.24637845104051553	0.04582950804198322
1.207298820997583	cosine	24.0	6.0	3.0	0.30806735305944094	0.01747083493063007
-0.8798130098161393	cosine	24.0	18.0	21.0	0.15800643217507218	0.13968972354679038
0.17769913363965684	cosine	24.0	0.0	21.0	0.3290883655048249	0.012131343131205926
-1.5255121798767624	cosine	24.0	15.0	18.0	0.2816048697307362	0.026935575910470858
0.5135277981165995	cosine	24.0	21.0	18.0	0.4965916439787983	0.00033733135554959515
-0.0482958167111049	cosine	24.0	18.0	12.0	0.3372703128099659	0.010472966073771602
0.8871059371031533	cosine	24.0	18.0	15.0	0.27409540653791653	0.03029598352690821
-0.29429316192922844	cosine	24.0	18.0	15.0	0.2365480905738184	0.052679346147498834
0.7860306244743958	cosine	24.0	18.0	21.0	0.3235369801680049	0.01338212467957003
0.39309665517731224	cosine	24.0	15.0	21.0	0.42264333089394	0.0019053409706262982
1.7852290967161268	cosine	24.0	21.0	18.0	0.12790996890362985	0.19060375826163167
0.5030309986601409	cosine	24.0	21.0	15.0	0.2505938333618936	0.043120464095440875
0.8393255943053334	cosine	24.0	12.0	15.0	0.29662379611637546	0.021143176383724687
-1.5692564304182044	cosine	24.0	9.0	15.0	0.29864054671577644	0.02045220334565448
0.5857138832818288	cosine	24.0	12.0	15.0	0.2140197009953595	0.07143562183788349
1.0558527944416416	cosine	24.0	15.0	18.0	0.22152916418817914	0.06468486429452701
-0.13014079623476166	cosine	24.0	15.0	9.0	0.291174533047882	0.023109639719022
-1.0560273045800357	cosine	24.0	9.0	12.0	0.4450845697024678	0.0011554745608711849
0.12459244177461337	cosine	24.0	0.0	21.0	0.2699264121556429	0.03230693818080994
-0.2187360326553485	cosine	24.0	15.0	18.0	0.22152916418817914	0.06468486429452701
-0.18385711671366406	cosine	24.0	12.0	9.0	0.33287837565982886	0.011336791543103485
-0.8679814214055214	cosine	24.0	3.0	6.0	0.24868087536123548	0.04433336645633893
-0.7281374963333203	cosine	24.0	3.0	15.0	0.5683624288214386	4.991231664334126e-05
-0.8399472717978796	cosine	24.0	0.0	21.0	0.21815970297510862	0.06764995867882109
-1.4751524022943103	cosine	24.0	3.0	6.0	0.16702446852620292	0.12642548136726045
-0.13224048612093336	cosine	24.0	15.0	21.0	0.28799589804277326	0.02432625829671131
1.5785225931991145	cosine	24.0	0.0	3.0	0.2709508044980625	0.03180287707901677
-0.944490331566171	cosine	24.0	0.0	12.0	0.24358389806633082	0.04769966180633572
-0.350053940001933	cosine	24.0	21.0	18.0	0.21067524290009623	0.0746108704887449
0.9876205065291708	cosine	24.0	3.0	12.0	0.11462628461404012	0.21630498612695365
0.3601965432221257	cosine	24.0	18.0	12.0	0.17987750016531512	0.10907841091363718
1.5410488592287717	cosine	24.0	15.0	12.0	0.326661648887654	0.01266506290239042
1.0236241024842665	cosine	24.0	0.0	3.0	0.39714706960674917	0.0032752197042900965
0.011903977638626379	cosine	24.0	15.0	12.0	0.18398184822408098	0.10391722445107726
2.628589634381493	cosine	24.0	6.0	9.0	0.27198694902268655	0.031299660183120276
0.8103039093993599	cosine	24.0	6.0	9.0	0.398665801992157	0.003173715485591541
0.5566652892903314	cosine	24.0	15.0	9.0	0.2239804100368323	0.06259195697574524
-0.3063508065683616	cosine	24.0	9.0	6.0	0.33160052689067265	0.011599478395197028
0.9106722141383805	cosine	24.0	12.0	9.0	0.28799589804277326	0.02432625829671131
-0.793900048367551	cosine	24.0	9.0	18.0	0.15217784910165155	0.14874946071331063
0.9791738180681107	cosine	24.0	3.0	0.0	0.18929439766303	0.09750285144846599
-0.3510228114884294	cosine	24.0	6.0	12.0	0.3509026423910373	0.008146509643390648
0.5512853525384428	cosine	24.0	0.0	18.0	0.22882123757746228	0.05861420943696903
-1.482448657549246	cosine	24.0	6.0	3.0	0.18929439766303	0.09750285144846599
0.6955764996477399	cosine	24.0	21.0	0.0	0.18118348213186988	0.10741654185240362
0.8864575091146701	cosine	24.0	0.0	18.0	0.2731092190440679	0.030762062328506853
1.6957792418276982	cosine	24.0	6.0	15.0	0.3451839016208194	0.009060553512911972
-2.296554022806438	cosine	24.0	6.0	9.0	0.39121410475865875	0.003700313337904557
0.3191880489797376	cosine	24.0	15.0	18.0	0.19900077460972024	0.08654178804169727
-0.33450293634833755	cosine	24.0	21.0	15.0	0.2954763109789492	0.021545066942792488
0.9121892860835314	cosine	24.0	15.0	21.0	0.2505938333618936	0.043120464095440875
0.8898275944806621	cosine	24.0	12.0	21.0	0.28689034348968306	0.024761821716796587
-1.2124821521538474	cosine	24.0	9.0	0.0	0.19597397046916537	0.08985625322931617
-1.5105918126610272	cosine	24.0	18.0	9.0	0.3674538307576464	0.00594159154192835
-0.8737048288371247	cosine	24.0	0.0	21.0	0.4252265396972456	0.0018007516288111659
-0.6695021955535362	cosine	24.0	0.0	9.0	0.2699264121556429	0.03230693818080994
0.5907617953823426	cosine	24.0	0.0	21.0	0.24034543548105186	0.04994280222373064
-0.032909107396055966	cosine	24.0	3.0	6.0	0.4268403084558519	0.0017380915166549582
0.13761627167543777	cosine	24.0	15.0	3.0	0.3100158702662392	0.016903200710028324
0.38759285750568867	cosine	24.0	6.0	9.0	0.21237337115470045	0.07298545049751572
-0.1149352667942177	cosine	24.0	9.0	12.0	0.2580742462980696	0.03863252516949062
0.11003771618322444	cosine	24.0	0.0	21.0	0.17378823796322213	0.11707097859576515
-0.7753340910062407	cosine	24.0	0.0	3.0	0.2338342559366841	0.05470697449766232
1.1138081099281423	cosine	24.0	15.0	18.0	0.34168057527329326	0.009663826561076
0.23602584698005646	cosine	24.0	15.0	12.0	0.25156701695945766	0.04251378781533029
0.6764344345717084	cosine	24.0	0.0	21.0	0.2551359238183474	0.04034778682105685
-0.16487217812760604	cosine	24.0	21.0	3.0	0.2878718795329364	0.024374796195956446
0.504988994754831	cosine	24.0	12.0	0.0	0.14024527464425107	0.16849709470074392
1.2138623731388394	cosine	24.0	6.0	15.0	0.3897237598944735	0.0038145915220834077
0.29981580012999276	cosine	24.0	0.0	21.0	0.18118348213186988	0.10741654185240362
-1.010704487088421	cosine	24.0	6.0	21.0	0.31549066277171667	0.015391993660926931
0.6206987406739457	cosine	24.0	6.0	9.0	0.23472846285519525	0.05403216505640069
-0.5803780609171111	cosine	24.0	12.0	21.0	0.2421801600886935	0.04866185976418303
0.6149716260785462	cosine	24.0	18.0	15.0	0.19900077460972024	0.08654178804169727
0.6788128743081966	cosine	24.0	3.0	6.0	0.3377605919085437	0.010380190257282039
0.3221610578753903	cosine	24.0	15.0	18.0	0.41677520720148953	0.002163732623355074
0.30263255711330367	cosine	24.0	3.0	0.0	0.21898763651213274	0.06691183000253088
0.42094431684028627	cosine	24.0	0.0	3.0	0.2264109462244084	0.060569228522496806
-0.8208012824550719	cosine	24.0	18.0	9.0	0.1818710879507543	0.10654892958100276
2.4577860239614053	cosine	24.0	3.0	0.0	0.19671770737530567	0.08903321910476264
-2.075763467788876	cosine	24.0	9.0	18.0	0.24125756564895978	0.04930266217726652
0.9653191759444527	cosine	24.0	12.0	3.0	0.4326217838658934	0.0015295535381500524
1.5720840859786482	cosine	24.0	9.0	6.0	0.13785639881971784	0.1726443686722099
0.0664670011659255	cosine	24.0	9.0	12.0	0.3852412662130603	0.004177612898480811
-0.48071294206098625	cosine	24.0	6.0	3.0	0.14475453938937588	0.160844803171809
-1.3180089596065385	cosine	24.0	21.0	18.0	0.2783922852608415	0.028333032653019858
0.3480207208212627	cosine	24.0	6.0	12.0	0.2165143963689379	0.06913545510964812
0.0191350472726204	cosine	24.0	18.0	21.0	0.18810289544651448	0.09891558665411498
-0.9952998539388784	cosine	24.0	3.0	18.0	0.3660645863480636	0.006103836469221554
-0.07134141277036146	cosine	24.0	9.0	3.0	0.23056134809676734	0.057233835382467506
0.3823131602974097	cosine	24.0	0.0	3.0	0.18929439766303	0.09750285144846599
1.135825532995064	cosine	24.0	6.0	15.0	0.330337282196268	0.011864341762666228
0.21832761429015415	cosine	24.0	15.0	21.0	0.23563300748954177	0.05335627493079011
0.9084237032440953	cosine	24.0	15.0	12.0	0.2590764801522773	0.03806123580744964
-0.3836543787188528	cosine	24.0	0.0	21.0	0.13681201711998336	0.1744777691802858
0.6178948681919985	cosine	24.0	9.0	6.0	0.3017937379566796	0.019410252116110444
-1.3183570241876514	cosine	24.0	15.0	0.0	0.22555494714375637	0.0612756889104502
1.411732779970716	cosine	24.0	21.0	0.0	0.3808550746853591	0.004562440916140081
0.1546482583415609	cosine	24.0	6.0	18.0	0.5631020176675571	5.786365883498804e-05
0.8191744478121112	cosine	24.0	6.0	3.0	0.32291397248399234	0.01352921307913464
-0.42690307974454933	cosine	24.0	15.0	12.0	0.16896292183844172	0.12369283503412826
0.6426629124485546	cosine	24.0	12.0	9.0	0.21319176868101397	0.07221183733783956
-0.8064449055197942	cosine	24.0	21.0	18.0	0.2633440536251203	0.03570531001355481
-1.7364219621960026	cosine	24.0	15.0	12.0	0.24405755376663804	0.047378451921575866
1.0154333912922622	cosine	24.0	12.0	6.0	0.18665034169736025	0.10065802899450232
-1.742729974818155	cosine	24.0	18.0	0.0	0.4207358239327533	0.0019860827842088013
0.8186423155054651	cosine	24.0	15.0	12.0	0.2891143329235558	0.023892184636934675
2.6138753638548757	cosine	24.0	0.0	15.0	0.3586693421794159	0.0070353044355588755
-0.9725483840210093	cosine	24.0	12.0	9.0	0.3478392015321807	0.008625537378454924
-1.0145343012759231	cosine	24.0	3.0	21.0	0.2952532097773707	0.02162395005989455
-0.02725296385952908	cosine	24.0	15.0	3.0	0.3838291727105819	0.00429821088254844
1.2133398431517757	cosine	24.0	18.0	0.0	0.32477853075510776	0.013093115992743426
2.596148503631936	cosine	24.0	21.0	3.0	0.2583465585551994	0.03847661585264555
0.8968776913783136	cosine	24.0	6.0	9.0	0.27198694902268655	0.031299660183120276
1.4683150817916764	cosine	24.0	6.0	9.0	0.3092454351901779	0.01712572740233685
-0.7055166244801442	cosine	24.0	0.0	21.0	0.3069026329988816	0.017817847893956983
0.2874113284328974	cosine	24.0	6.0	3.0	0.36003052104537075	0.00685497779106477
0.1804575625004894	cosine	24.0	12.0	21.0	0.19001827945420569	0.09665182047357779
-0.2687335970338379	cosine	24.0	18.0	15.0	0.13892506906716318	0.17078109313035117
1.155660488400696	cosine	24.0	6.0	12.0	0.14932027335788822	0.15333157054038882
0.04001998768548052	cosine	24.0	3.0	0.0	0.17444777823847862	0.11618577088949705
1.5429782224256552	cosine	24.0	21.0	0.0	0.24034543548105186	0.04994280222373064
0.16363073179236523	cosine	24.0	9.0	6.0	0.11550130711922306	0.21455262536216446
-0.6791060178390183	cosine	24.0	12.0	15.0	0.17647238503126134	0.1134981303078686
-0.34861330419802344	cosine	24.0	9.0	15.0	0.4330287927378758	0.001515769646493836
-0.8173926875407924	cosine	24.0	18.0	21.0	0.30848874853228375	0.01734671524348048
-0.5540662129344164	cosine	24.0	18.0	15.0	0.29662379611637546	0.021143176383724687
-0.7375519277957856	cosine	24.0	3.0	15.0	0.2952532097773707	0.02162395005989455
0.6815229022111615	cosine	24.0	21.0	12.0	0.28689034348968306	0.024761821716796587
-1.0134365307719	cosine	24.0	15.0	18.0	0.36420896485175214	0.006326666384439039
-0.491987947246752	cosine	24.0	21.0	18.0	0.2783922852608415	0.028333032653019858
0.7045204128034958	cosine	24.0	21.0	15.0	0.12342681344690283	0.19906049418466365
-0.13528892626756067	cosine	24.0	6.0	3.0	0.17444777823847862	0.11618577088949705
2.698264451322072	cosine	24.0	21.0	18.0	0.21819935871795682	0.06761446149507122
-1.0311830453448736	cosine	24.0	18.0	15.0	0.3116427225020147	0.016441424648025
-1.0310028467234567	cosine	24.0	12.0	18.0	0.3297754169697444	0.011983823411287356
-0.10835173336031209	cosine	24.0	15.0	12.0	0.2140197009953595	0.07143562183788349
-0.3635603564765852	cosine	24.0	6.0	9.0	0.25708355455569004	0.03920408275739036
-1.139044959010041	cosine	24.0	0.0	21.0	0.2699264121556429	0.03230693818080994
0.2129554138501953	cosine	24.0	18.0	15.0	0.2816048697307362	0.026935575910470858
1.472426345036691	cosine	24.0	6.0	9.0	0.15275979328671438	0.14782765030387718
0.6573023233946028	cosine	24.0	21.0	0.0	0.1589977496259266	0.13818700065494172
-1.590536741325729	cosine	24.0	9.0	6.0	0.3092454351901779	0.01712572740233685
-2.0928501529564554	cosine	24.0	18.0	0.0	0.2066772468441595	0.07854663026645384
-0.4729850868617801	cosine	24.0	15.0	9.0	0.23144642370472673	0.05654161670725406
-0.5557479501603694	cosine	24.0	0.0	3.0	0.18929439766303	0.09750285144846599
1.4716799458436542	cosine	24.0	3.0	6.0	0.12248461025254881	0.20086613625359467
1.7241380836562628	cosine	24.0	0.0	3.0	0.30806735305944094	0.01747083493063007
0.8147381762717201	cosine	24.0	18.0	21.0	0.18810289544651448	0.09891558665411498
1.1066720543806263	cosine	24.0	9.0	12.0	0.2655546592342455	0.03453273942337478
-0.276820956688434	cosine	24.0	15.0	9.0	0.24637845104051553	0.04582950804198322
0.34962224230156724	cosine	24.0	0.0	12.0	0.5683624288214386	4.991231664334126e-05
-0.25784204243028175	cosine	24.0	18.0	15.0	0.16896292183844172	0.12369283503412826
-1.08825076614887	cosine	24.0	6.0	0.0	0.2751861251477546	0.029787333680552044
-0.12126594034020355	cosine	24.0	9.0	6.0	0.16021149052021263	0.13636216882002333
0.8627477693494381	cosine	24.0	6.0	3.0	0.41941699874357624	0.0020437099756060832
0.8972020293262507	cosine	24.0	9.0	6.0	0.3390522241241709	0.010139196014009982
-1.7777965473845727	cosine	24.0	0.0	3.0	0.24125756564895978	0.04930266217726652
-0.7553979907986229	cosine	24.0	18.0	21.0	0.21819935871795682	0.06761446149507122
-2.232048333994223	cosine	24.0	6.0	3.0	0.32291397248399234	0.01352921307913464
2.0670433188534374	cosine	24.0	9.0	12.0	0.23563300748954177	0.05335627493079011
-1.019493049661741	cosine	24.0	9.0	6.0	0.16021149052021263	0.13636216882002333
-0.030501189978561195	cosine	24.0	6.0	3.0	0.18929439766303	0.09750285144846599
