ID	Waveform	Period	Phase	Nadir	Tau	P
-0.023317033954422327	cosine	24.0	21.0	0.0	0.3660645863480636	0.006103836469221554
-1.3204721585000443	cosine	24.0	3.0	6.0	0.3451839016208194	0.009060553512911972
-0.4605666613848435	cosine	24.0	3.0	0.0	0.2783741142103382	0.0283411053804827
-1.5007491806051332	cosine	24.0	0.0	18.0	0.14024527464425107	0.16849709470074392
1.3262663508587278	cosine	24.0	15.0	18.0	0.18398184822408098	0.10391722445107726
1.1198165304117527	cosine	24.0	18.0	21.0	0.15800643217507218	0.13968972354679038
0.8805776895861206	cosine	24.0	0.0	18.0	0.23620256782189655	0.052934139906380795
-0.18920174798971665	cosine	24.0	18.0	0.0	0.3395411912439763	0.010049245916082774
-1.7947164579547692	cosine	24.0	12.0	21.0	0.40611749922565527	0.002715547870623878
0.20920059800633192	cosine	24.0	12.0	9.0	0.1907505298724862	0.09579651477177781
-0.8906517899545562	cosine	24.0	18.0	3.0	0.3660645863480636	0.006103836469221554
2.1122380964187175	cosine	24.0	0.0	6.0	0.22312388525493615	0.06331718635548518
0.30784066624224543	cosine	24.0	0.0	3.0	0.2932207336348896	0.022353887279688553
1.5742472589584726	cosine	24.0	21.0	18.0	0.2257234745358174	0.061136095767155875
-1.1573136814487988	cosine	24.0	18.0	15.0	0.17647238503126134	0.1134981303078686
-0.5288182412611705	cosine	24.0	15.0	12.0	0.326661648887654	0.01266506290239042
0.5761936733777564	cosine	24.0	6.0	0.0	0.11156194262746807	0.22250670710945153
-1.8282753368086493	cosine	24.0	18.0	15.0	0.25156701695945766	0.04251378781533029
-1.041153032644821	cosine	24.0	15.0	0.0	0.28471690049293835	0.0256371939762934
1.437083001775378	cosine	24.0	9.0	6.0	0.3241488296571744	0.013239016787172118
-0.11075201570206519	cosine	24.0	12.0	9.0	0.3029567239151251	0.019037505968002938
-0.9927295827826111	cosine	24.0	21.0	18.0	0.2558199378072597	0.039943065844359166
1.0476206441871259	cosine	24.0	3.0	6.0	0.24125756564895978	0.04930266217726652
0.9438699050726268	cosine	24.0	12.0	21.0	0.2645352517891883	0.03506947273840929
1.9367754384424813	cosine	24.0	6.0	3.0	0.21898763651213274	0.06691183000253088
-0.07052119611326929	cosine	24.0	6.0	9.0	0.24963185732219176	0.04372700742698232
-0.7291909729555127	cosine	24.0	12.0	15.0	0.29662379611637546	0.021143176383724687
0.28378230854994274	cosine	24.0	3.0	0.0	0.2338342559366841	0.05470697449766232
0.20132343460532526	cosine	24.0	15.0	21.0	0.24311342042571768	0.04802044059311893
0.7073995540848484	cosine	24.0	0.0	3.0	0.2709508044980625	0.03180287707901677
-0.8391114680098272	cosine	24.0	12.0	15.0	0.19900077460972024	0.08654178804169727
0.8345374766878955	cosine	24.0	12.0	3.0	0.3142978771675294	0.015710968084713377
-0.20251703334809257	cosine	24.0	9.0	12.0	0.34035878859600477	0.009900396537324115
1.134706751337773	cosine	24.0	0.0	18.0	0.13286394439981683	0.1815197663058417
0.32235903897423757	cosine	24.0	0.0	6.0	0.2974985136732482	0.020841095044795872
0.48160872695890744	cosine	24.0	0.0	3.0	0.2338342559366841	0.05470697449766232
1.3241449431735566	cosine	24.0	15.0	18.0	0.3792278912373914	0.004713061061363689
0.6756623984112811	cosine	24.0	9.0	6.0	0.15275979328671438	0.14782765030387718
-0.35675588996457297	cosine	24.0	0.0	3.0	0.24868087536123548	0.04433336645633893
-0.5581597875424237	cosine	24.0	15.0	12.0	0.326661648887654	0.01266506290239042
-1.2220004192915244	cosine	24.0	3.0	6.0	0.32291397248399234	0.01352921307913464
-0.05370580619495348	cosine	24.0	6.0	3.0	0.11506130054027312	0.2154327694040179
-0.19165352598641908	cosine	24.0	9.0	21.0	0.30064404334716527	0.019784814684414773
1.7990459692362653	cosine	24.0	6.0	3.0	0.19671770737530567	0.08903321910476264
-0.21297271675249332	cosine	24.0	15.0	12.0	0.2590764801522773	0.03806123580744964
2.0383690471334246	cosine	24.0	6.0	9.0	0.13040470158621958	0.18599485111582204
0.12213913014899108	cosine	24.0	18.0	15.0	0.25156701695945766	0.04251378781533029
1.9184195237234765	cosine	24.0	6.0	9.0	0.2421801600886935	0.04866185976418303
-0.446181737211759	cosine	24.0	15.0	18.0	0.19900077460972024	0.08654178804169727
1.123488088849462	cosine	24.0	12.0	15.0	0.3792278912373914	0.004713061061363689
1.3321922960987538	cosine	24.0	21.0	9.0	0.12248461025254881	0.20086613625359467
0.9063031686987945	cosine	24.0	6.0	3.0	0.17444777823847862	0.11618577088949705
0.8971312460171927	cosine	24.0	21.0	18.0	0.2558199378072597	0.039943065844359166
0.005868045965171143	cosine	24.0	0.0	18.0	0.35430385173284484	0.007642194440630212
2.372756535999763	cosine	24.0	9.0	15.0	0.25384446470840993	0.04112100111304758
-1.94623671412953	cosine	24.0	18.0	21.0	0.3009646327144232	0.019679757062280118
0.7984803723430809	cosine	24.0	15.0	18.0	0.29662379611637546	0.021143176383724687
0.7117467958352945	cosine	24.0	21.0	3.0	0.2583465585551994	0.03847661585264555
-1.6410290045186835	cosine	24.0	18.0	15.0	0.2590764801522773	0.03806123580744964
0.4539693607578377	cosine	24.0	3.0	0.0	0.3526072113330951	0.00789022129915346
1.859607600585716	cosine	24.0	3.0	0.0	0.30064404334716527	0.019784814684414773
-0.9050690060908094	cosine	24.0	9.0	15.0	0.2762425057120932	0.02930147114696944
-2.2683257210496928	cosine	24.0	3.0	6.0	0.24868087536123548	0.04433336645633893
-0.41429690401306146	cosine	24.0	6.0	9.0	0.1453080960532161	0.15992129427517754
0.3393214550371553	cosine	24.0	9.0	0.0	0.2551359238183474	0.04034778682105685
0.695975801558479	cosine	24.0	12.0	9.0	0.3253979627236529	0.012950952528887621
-1.8518997855151729	cosine	24.0	6.0	3.0	0.1818710879507543	0.10654892958100276
-1.6281714048030418	cosine	24.0	9.0	12.0	0.36280002740453254	0.006500636034123981
0.6238560482581181	cosine	24.0	21.0	18.0	0.20315112708223565	0.08214673110717585
-0.19743927415339416	cosine	24.0	12.0	15.0	0.22152916418817914	0.06468486429452701
-0.059428211908847714	cosine	24.0	6.0	9.0	0.1825665822207074	0.1056765215839412
-0.5364018531096076	cosine	24.0	0.0	3.0	0.17444777823847862	0.11618577088949705
0.8498359383036357	cosine	24.0	15.0	12.0	0.2365480905738184	0.052679346147498834
-0.16102186217394218	cosine	24.0	21.0	18.0	0.24077170617153856	0.0496428218829794
-0.2849742105231114	cosine	24.0	6.0	3.0	0.330337282196268	0.011864341762666228
-0.21005109646833683	cosine	24.0	9.0	12.0	0.13090722638307875	0.18507488909218733
-1.4129292308043475	cosine	24.0	9.0	3.0	0.2751861251477546	0.029787333680552044
-0.6372099086672719	cosine	24.0	18.0	9.0	0.24868087536123548	0.04433336645633893
0.06907990819613191	cosine	24.0	15.0	18.0	0.22903862738099875	0.05844034568396187
-0.41495583157426086	cosine	24.0	9.0	12.0	0.28799589804277326	0.02432625829671131
0.009959470723694719	cosine	24.0	18.0	21.0	0.21067524290009623	0.0746108704887449
0.20529101186677873	cosine	24.0	6.0	12.0	0.23891243737262113	0.050961859814427864
-0.48877329657931545	cosine	24.0	12.0	15.0	0.36420896485175214	0.006326666384439039
-0.6679392107149134	cosine	24.0	21.0	3.0	0.21405857708859377	0.07139933215686703
-0.47091634633933305	cosine	24.0	9.0	15.0	0.12692223235420497	0.19244776603865038
-0.7038742733215626	cosine	24.0	0.0	9.0	0.2773216563242906	0.02881195020498228
-0.6295564288218092	cosine	24.0	18.0	6.0	0.17782168978975488	0.11173174279715575
0.676286677609004	cosine	24.0	6.0	3.0	0.21898763651213274	0.06691183000253088
0.5201867768730551	cosine	24.0	0.0	21.0	0.15160250545727888	0.14966458474778954
0.4085183393914395	cosine	24.0	18.0	15.0	0.31915218569483433	0.014447331991700058
1.2720920725407676	cosine	24.0	3.0	0.0	0.20414101708758137	0.08112374916958642
-0.745925598022277	cosine	24.0	0.0	21.0	0.21815970297510862	0.06764995867882109
-0.6819927681386557	cosine	24.0	6.0	0.0	0.35699821640789786	0.007262408061412495
-1.3818554587693812	cosine	24.0	15.0	21.0	0.3253979627236529	0.012950952528887621
1.1214491083042266	cosine	24.0	9.0	6.0	0.39121410475865875	0.003700313337904557
1.1307980054309346	cosine	24.0	9.0	18.0	0.21156432679985704	0.0737564416596048
-1.4122720643991162	cosine	24.0	9.0	6.0	0.13785639881971784	0.1726443686722099
1.2119092723344171	cosine	24.0	21.0	15.0	0.1608288781277825	0.13544029453589856
-2.2002976028120083	cosine	24.0	12.0	18.0	0.3147856252893015	0.015579855729601268
0.45500510938992816	cosine	24.0	18.0	0.0	0.28049054928850214	0.02741363646522646
0.4475978327195934	cosine	24.0	0.0	15.0	0.2625311679869951	0.03614461188618968
0.1392748743595484	cosine	24.0	18.0	3.0	0.3142978771675294	0.015710968084713377
0.03330556547784351	cosine	24.0	21.0	0.0	0.2773216563242906	0.02881195020498228
0.772075821132267	cosine	24.0	3.0	0.0	0.2338342559366841	0.05470697449766232
-0.2389610543475919	cosine	24.0	12.0	9.0	0.28799589804277326	0.02432625829671131
0.16319152780464874	cosine	24.0	21.0	12.0	0.2645352517891883	0.03506947273840929
0.8196051835820137	cosine	24.0	9.0	12.0	0.2954763109789492	0.021545066942792488
-0.9583382808235905	cosine	24.0	3.0	0.0	0.2932207336348896	0.022353887279688553
-0.5593211346819432	cosine	24.0	21.0	15.0	0.28051548510659735	0.027402861731981906
-0.44942837773781513	cosine	24.0	12.0	18.0	0.29979583360885853	0.02006507269077629
0.6687337834582426	cosine	24.0	9.0	6.0	0.19746997668770394	0.08820646422125328
-0.6948167827439643	cosine	24.0	3.0	9.0	0.4536852333517035	0.0009483890287940512
0.047175720839189035	cosine	24.0	0.0	21.0	0.24774067964969962	0.04493949144849353
-1.6254704527909616	cosine	24.0	9.0	15.0	0.17918432802946585	0.10996794592401771
1.3832875052907214	cosine	24.0	0.0	15.0	0.23295019131240413	0.055380662873957556
-0.05849654082335407	cosine	24.0	9.0	3.0	0.34956075356606664	0.008353384938283085
-1.9517335747776947	cosine	24.0	3.0	0.0	0.2561041850735112	0.03977585423405737
-0.4443820197367663	cosine	24.0	15.0	12.0	0.15394399545280243	0.1459636853800239
1.5761643659475308	cosine	24.0	9.0	6.0	0.15275979328671438	0.14782765030387718
-1.3122628955339701	cosine	24.0	18.0	3.0	0.24774067964969962	0.04493949144849353
0.7032763563243564	cosine	24.0	12.0	9.0	0.19823094280866213	0.08737598727842949
1.104583764902032	cosine	24.0	21.0	12.0	0.16021149052021263	0.13636216882002333
0.23328081640750148	cosine	24.0	15.0	12.0	0.46183198635840733	0.0007842318242674856
1.4294069438719825	cosine	24.0	12.0	3.0	0.40304080719130236	0.0028969453261565256
1.7051128525619694	cosine	24.0	21.0	0.0	0.3290883655048249	0.012131343131205926
1.0477060020893316	cosine	24.0	3.0	21.0	0.3173972005106735	0.014893695995628085
0.15789403526337456	cosine	24.0	15.0	3.0	0.2878718795329364	0.024374796195956446
0.4324211155664384	cosine	24.0	3.0	6.0	0.45653354730495466	0.0008877098963792871
-0.023464830231049127	cosine	24.0	6.0	3.0	0.26352749478578685	0.03560678181850737
0.1506246290736753	cosine	24.0	18.0	15.0	0.22152916418817914	0.06468486429452701
-1.7373363586076398	cosine	24.0	21.0	0.0	0.28471690049293835	0.0256371939762934
-0.3143375658533584	cosine	24.0	6.0	3.0	0.20414101708758137	0.08112374916958642
0.11339501151569366	cosine	24.0	18.0	15.0	0.27409540653791653	0.03029598352690821
-0.12996592440839766	cosine	24.0	0.0	3.0	0.17444777823847862	0.11618577088949705
0.4848046180582729	cosine	24.0	12.0	18.0	0.34476520865018734	0.009130873203981702
0.13665850825501977	cosine	24.0	3.0	0.0	0.24868087536123548	0.04433336645633893
0.43479636926982207	cosine	24.0	15.0	12.0	0.3341711120804736	0.011076319946854101
2.1169224541420286	cosine	24.0	21.0	0.0	0.20336921463781313	0.08192052243423542
1.1607442452168597	cosine	24.0	6.0	9.0	0.27198694902268655	0.031299660183120276
-0.9586118588196244	cosine	24.0	3.0	0.0	0.41941699874357624	0.0020437099756060832
0.5590136367912758	cosine	24.0	3.0	0.0	0.3674538307576464	0.00594159154192835
0.31591822962401445	cosine	24.0	12.0	15.0	0.36420896485175214	0.006326666384439039
-0.5140257658001894	cosine	24.0	3.0	15.0	0.46502380539935884	0.0007273798775274108
-0.33797170023414874	cosine	24.0	3.0	15.0	0.10333862342207975	0.23964102331065734
-0.16278674551843414	cosine	24.0	9.0	12.0	0.31043713685130103	0.016782574144907064
-0.3176601846283003	cosine	24.0	0.0	21.0	0.3216931213361771	0.01382149916799702
-0.4407187363685641	cosine	24.0	0.0	6.0	0.32724836504057303	0.012534194594043507
1.0347082015371485	cosine	24.0	18.0	9.0	0.16702446852620292	0.12642548136726045
0.5324572128716527	cosine	24.0	15.0	12.0	0.14643453225998282	0.15805277010113494
0.9781136860682992	cosine	24.0	18.0	15.0	0.12390614268152392	0.1981456709240792
-0.12929272659966157	cosine	24.0	0.0	12.0	0.1550079351331196	0.14430254111594104
0.17467181780968014	cosine	24.0	21.0	0.0	0.3808550746853591	0.004562440916140081
-1.0813681302543192	cosine	24.0	0.0	21.0	0.3290883655048249	0.012131343131205926
0.23659186970436538	cosine	24.0	6.0	9.0	0.31669713242367614	0.015075032280515356
0.040666665269349166	cosine	24.0	21.0	0.0	0.29950738883023387	0.02016114215609676
0.6970436280139988	cosine	24.0	18.0	12.0	0.1873723960055366	0.09978909481037329
-0.018993555651514255	cosine	24.0	6.0	9.0	0.24963185732219176	0.04372700742698232
1.3835056220103044	cosine	24.0	3.0	9.0	0.34956075356606664	0.008353384938283085
-0.09219037178903461	cosine	24.0	12.0	15.0	0.3792278912373914	0.004713061061363689
-0.08757839491047945	cosine	24.0	9.0	12.0	0.2954763109789492	0.021545066942792488
-0.23364487761142258	cosine	24.0	3.0	0.0	0.2338342559366841	0.05470697449766232
-0.5766655251380078	cosine	24.0	15.0	12.0	0.2590764801522773	0.03806123580744964
-0.5244857717317403	cosine	24.0	12.0	15.0	0.22903862738099875	0.05844034568396187
-0.2957964092314828	cosine	24.0	15.0	18.0	0.2590764801522773	0.03806123580744964
1.306060574512915	cosine	24.0	15.0	18.0	0.2140197009953595	0.07143562183788349
0.9558776509258612	cosine	24.0	9.0	6.0	0.23472846285519525	0.05403216505640069
-0.6269334640174571	cosine	24.0	0.0	3.0	0.3451839016208194	0.009060553512911972
-0.5870087398737704	cosine	24.0	18.0	15.0	0.29662379611637546	0.021143176383724687
1.2453321044919783	cosine	24.0	9.0	6.0	0.24963185732219176	0.04372700742698232
1.2066840953946858	cosine	24.0	18.0	9.0	0.24125756564895978	0.04930266217726652
-0.15358233750684067	cosine	24.0	12.0	9.0	0.4525649826386437	0.0009732808893706042
1.4348504309725687	cosine	24.0	15.0	12.0	0.19900077460972024	0.08654178804169727
0.22717883596205463	cosine	24.0	9.0	15.0	0.1343882460220994	0.17878012069770977
-1.4268655169826838	cosine	24.0	0.0	3.0	0.21156432679985704	0.0737564416596048
-1.7240360169911273	cosine	24.0	12.0	15.0	0.22903862738099875	0.05844034568396187
-0.20179014209916235	cosine	24.0	9.0	15.0	0.2687764920441988	0.03288060196554171
0.8205367455993341	cosine	24.0	12.0	6.0	0.25384446470840993	0.04112100111304758
-0.6025936185628367	cosine	24.0	9.0	3.0	0.47599762187719713	0.0005596456464116427
-0.057916322655426296	cosine	24.0	9.0	0.0	0.16639299379457437	0.12732468937632635
1.3192643849296808	cosine	24.0	3.0	21.0	0.24358389806633082	0.04769966180633572
-0.94228971002311	cosine	24.0	3.0	0.0	0.08536806169117038	0.27946517588573627
-1.7001150852391973	cosine	24.0	12.0	15.0	0.24405755376663804	0.047378451921575866
0.4117851406091629	cosine	24.0	15.0	18.0	0.14643453225998282	0.15805277010113494
0.5011400419757523	cosine	24.0	12.0	15.0	0.2590764801522773	0.03806123580744964
-0.9166214557627169	cosine	24.0	15.0	12.0	0.34168057527329326	0.009663826561076
-0.12689199369392984	cosine	24.0	3.0	6.0	0.3526072113330951	0.00789022129915346
0.14136626585756806	cosine	24.0	6.0	15.0	0.4045703793190249	0.002805441148677372
0.004625754243579568	cosine	24.0	0.0	12.0	0.26572788879963366	0.03444220575113408
-0.2787735469059572	cosine	24.0	6.0	3.0	0.19671770737530567	0.08903321910476264
-0.8181982726625429	cosine	24.0	6.0	3.0	0.4639568570172304	0.0007459471323478724
-1.5009582650482787	cosine	24.0	0.0	3.0	0.21898763651213274	0.06691183000253088
2.3807723279233093	cosine	24.0	15.0	21.0	0.2505938333618936	0.043120464095440875
-1.651267315145714	cosine	24.0	6.0	18.0	0.3185971942066441	0.01458722712104854
-0.7485670357192262	cosine	24.0	3.0	12.0	0.19597397046916537	0.08985625322931617
-1.1190907167119108	cosine	24.0	3.0	6.0	0.15217784910165155	0.14874946071331063
-0.17625270854473876	cosine	24.0	15.0	21.0	0.2505938333618936	0.043120464095440875
1.0886569398062407	cosine	24.0	3.0	6.0	0.3451839016208194	0.009060553512911972
-1.2165127894569234	cosine	24.0	15.0	12.0	0.19900077460972024	0.08654178804169727
-0.3224785765622728	cosine	24.0	9.0	6.0	0.1825665822207074	0.1056765215839412
1.8869063413401048	cosine	24.0	3.0	6.0	0.30806735305944094	0.01747083493063007
-0.11395678317192218	cosine	24.0	9.0	6.0	0.227276765621697	0.05986116155126607
-0.057061040546570685	cosine	24.0	12.0	15.0	0.15394399545280243	0.1459636853800239
0.08030615907391958	cosine	24.0	3.0	6.0	0.3377605919085437	0.010380190257282039
-0.04561425841724193	cosine	24.0	18.0	15.0	0.3717184280445718	0.005467174495423315
0.29173151687540944	cosine	24.0	21.0	0.0	0.15160250545727888	0.14966458474778954
-1.5384011040288184	cosine	24.0	18.0	3.0	0.4400170280345411	0.0012961112381875797
1.3675363713658686	cosine	24.0	12.0	18.0	0.23234177104686538	0.055848093948642805
0.10912300965000582	cosine	24.0	12.0	6.0	0.2165143963689379	0.06913545510964812
0.15121027671207907	cosine	24.0	3.0	0.0	0.1299079199648245	0.18690708075242085
-0.5874724869106319	cosine	24.0	18.0	15.0	0.27409540653791653	0.03029598352690821
-0.11702774514435967	cosine	24.0	15.0	12.0	0.2590764801522773	0.03806123580744964
-0.20187189366464608	cosine	24.0	9.0	6.0	0.3539556185911674	0.0076925343627084405
1.0847878196075127	cosine	24.0	21.0	18.0	0.2558199378072597	0.039943065844359166
0.7145777531864328	cosine	24.0	6.0	21.0	0.2932207336348896	0.022353887279688553
-0.9034375722055884	cosine	24.0	21.0	0.0	0.17378823796322213	0.11707097859576515
-2.126303270877726	cosine	24.0	21.0	15.0	0.5198886990642271	0.0001860172695848419
-0.9915721063769537	cosine	24.0	9.0	6.0	0.21237337115470045	0.07298545049751572
0.28629268987668044	cosine	24.0	12.0	0.0	0.35430385173284484	0.007642194440630212
0.7650766610010922	cosine	24.0	3.0	6.0	0.15217784910165155	0.14874946071331063
1.3012322919276316	cosine	24.0	6.0	3.0	0.21156432679985704	0.0737564416596048
1.8858009405517555	cosine	24.0	18.0	12.0	0.3522601044904088	0.007941827497483006
0.3781188021228112	cosine	24.0	0.0	18.0	0.23620256782189655	0.052934139906380795
0.308495844920873	cosine	24.0	21.0	18.0	0.18057877962865393	0.10818374624007071
0.3936377456004715	cosine	24.0	15.0	0.0	0.2773216563242906	0.02881195020498228
-2.1681894846321788	cosine	24.0	9.0	12.0	0.4750062214471715	0.0005731822565118833
-1.1717170058848372	cosine	24.0	21.0	3.0	0.3838291727105819	0.00429821088254844
0.3276715764975349	cosine	24.0	0.0	3.0	0.3451839016208194	0.009060553512911972
-0.49324773985503617	cosine	24.0	9.0	0.0	0.3586693421794159	0.0070353044355588755
0.5505259859105623	cosine	24.0	18.0	21.0	0.24829582198939915	0.044580801125198674
-0.03121145388622378	cosine	24.0	18.0	15.0	0.24405755376663804	0.047378451921575866
-0.30394192965060074	cosine	24.0	0.0	21.0	0.19597397046916537	0.08985625322931617
0.4132110606406476	cosine	24.0	6.0	9.0	0.2421801600886935	0.04866185976418303
-0.3793958510284582	cosine	24.0	0.0	21.0	0.19597397046916537	0.08985625322931617
-0.44473656344278645	cosine	24.0	0.0	3.0	0.24868087536123548	0.04433336645633893
0.3232366157317968	cosine	24.0	18.0	21.0	0.1504823163572116	0.15145707876053838
-0.5018447138968791	cosine	24.0	18.0	12.0	0.23234177104686538	0.055848093948642805
-1.2396140181681639	cosine	24.0	21.0	18.0	0.4514469490716348	0.0009987202463069857
0.8979834875257009	cosine	24.0	21.0	18.0	0.2633440536251203	0.03570531001355481
0.8536949139205562	cosine	24.0	6.0	15.0	0.2857974239226139	0.02519881865604328
0.20447861287771582	cosine	24.0	3.0	6.0	0.2932207336348896	0.022353887279688553
-0.7237267240731959	cosine	24.0	3.0	9.0	0.20081149672944254	0.08460315962917975
-3.001224086726164	cosine	24.0	15.0	18.0	0.24405755376663804	0.047378451921575866
0.9658043707234328	cosine	24.0	15.0	18.0	0.25156701695945766	0.04251378781533029
-0.31476554495449843	cosine	24.0	9.0	6.0	0.21237337115470045	0.07298545049751572
-0.7820907895143392	cosine	24.0	3.0	6.0	0.3377605919085437	0.010380190257282039
0.35477354425757174	cosine	24.0	0.0	3.0	0.18929439766303	0.09750285144846599
0.15368680299437015	cosine	24.0	9.0	12.0	0.2505938333618936	0.043120464095440875
-0.09458506426075851	cosine	24.0	6.0	12.0	0.32103858771945964	0.013980433055581136
-0.30356853932358446	cosine	24.0	9.0	12.0	0.28799589804277326	0.02432625829671131
-1.8188412280469495	cosine	24.0	3.0	0.0	0.3897237598944735	0.0038145915220834077
-0.0889112112318408	cosine	24.0	9.0	12.0	0.19823094280866213	0.08737598727842949
2.1845320022641155	cosine	24.0	12.0	9.0	0.317917549787477	0.014760129652761701
-0.34226819786227625	cosine	24.0	3.0	9.0	0.3421232907242354	0.009585702427533002
1.1332360838383075	cosine	24.0	3.0	21.0	0.42811715417718754	0.00168992695018417
0.4190731193418254	cosine	24.0	15.0	12.0	0.2365480905738184	0.052679346147498834
0.4914415075539474	cosine	24.0	21.0	6.0	0.15960115881392725	0.1372777177333498
1.6053213593915827	cosine	24.0	18.0	3.0	0.12941677295133563	0.18781168020979827
-0.06722337216258992	cosine	24.0	6.0	0.0	0.4016229934588851	0.0029841578270689
-1.3186750891000014	cosine	24.0	9.0	6.0	0.3017937379566796	0.019410252116110444
-0.26117647391529675	cosine	24.0	6.0	3.0	0.16702446852620292	0.12642548136726045
-0.4914603949070199	cosine	24.0	6.0	3.0	0.20414101708758137	0.08112374916958642
1.1131675837894779	cosine	24.0	9.0	12.0	0.4002020920854122	0.0030739268367153947
0.7088911962458485	cosine	24.0	21.0	12.0	0.21237337115470045	0.07298545049751572
-1.1684976506031794	cosine	24.0	18.0	15.0	0.2891143329235558	0.023892184636934675
0.12808857895502518	cosine	24.0	9.0	12.0	0.22815259455336584	0.059151522051165605
0.8552675978806289	cosine	24.0	3.0	0.0	0.15217784910165155	0.14874946071331063
0.8867774103690778	cosine	24.0	6.0	9.0	0.3390522241241709	0.010139196014009982
0.7612386695378385	cosine	24.0	3.0	6.0	0.26352749478578685	0.03560678181850737
2.1445040243815012	cosine	24.0	18.0	9.0	0.30064404334716527	0.019784814684414773
1.040072942045752	cosine	24.0	0.0	3.0	0.31549066277171667	0.015391993660926931
-0.4517075167106585	cosine	24.0	9.0	12.0	0.2505938333618936	0.043120464095440875
0.32212488020546926	cosine	24.0	15.0	12.0	0.3341711120804736	0.011076319946854101
-0.15802215656362112	cosine	24.0	15.0	9.0	0.40316473806629816	0.002889432401796725
0.2968272384959674	cosine	24.0	15.0	18.0	0.27409540653791653	0.03029598352690821
-0.14007862348673633	cosine	24.0	6.0	9.0	0.2049216739212022	0.08032379819344765
-0.16369411719607027	cosine	24.0	9.0	6.0	0.15275979328671438	0.14782765030387718
-0.08295003260405197	cosine	24.0	21.0	0.0	0.16639299379457437	0.12732468937632635
0.9000852289893213	cosine	24.0	15.0	6.0	0.30806735305944094	0.01747083493063007
-0.18492122165895195	cosine	24.0	6.0	9.0	0.3241488296571744	0.013239016787172118
-1.190024102442403	cosine	24.0	0.0	3.0	0.32291397248399234	0.01352921307913464
0.5945071939929448	cosine	24.0	3.0	6.0	0.2932207336348896	0.022353887279688553
0.008473499128469914	cosine	24.0	15.0	18.0	0.24405755376663804	0.047378451921575866
0.40098560725689447	cosine	24.0	0.0	3.0	0.3451839016208194	0.009060553512911972
2.210978100793761	cosine	24.0	21.0	0.0	0.29950738883023387	0.02016114215609676
1.0954210049858546	cosine	24.0	18.0	15.0	0.22152916418817914	0.06468486429452701
-0.2836204869243354	cosine	24.0	12.0	9.0	0.3702804403407085	0.005623241622001215
-0.40530257013151727	cosine	24.0	3.0	6.0	0.15960115881392725	0.1372777177333498
1.2992649118762978	cosine	24.0	9.0	18.0	0.4268403084558519	0.0017380915166549582
0.35048726813401854	cosine	24.0	21.0	15.0	0.2730350721704214	0.03079734328122759
-2.2076455827053083	cosine	24.0	6.0	12.0	0.3733006833947205	0.005299908342446223
1.4913035906623502	cosine	24.0	3.0	12.0	0.3660645863480636	0.006103836469221554
-0.26355379362008413	cosine	24.0	9.0	12.0	0.34035878859600477	0.009900396537324115
-1.6824291319888365	cosine	24.0	9.0	3.0	0.3123734393569106	0.016237554289091953
0.15938925822123043	cosine	24.0	12.0	9.0	0.35531961446835664	0.007497010747590814
-0.7785755880853619	cosine	24.0	12.0	9.0	0.14586805225543062	0.15899064436178167
0.17133082396080512	cosine	24.0	12.0	0.0	0.4428798146660561	0.0012148494454507022
-1.0317248984555287	cosine	24.0	3.0	0.0	0.47880347644178173	0.0005229199632550542
0.20106650601755677	cosine	24.0	12.0	21.0	0.27198694902268655	0.031299660183120276
-0.2968817400713173	cosine	24.0	18.0	21.0	0.33106109598586553	0.011711945696637922
-1.0944523215883406	cosine	24.0	0.0	3.0	0.2264109462244084	0.060569228522496806
0.6518071232539754	cosine	24.0	0.0	3.0	0.17444777823847862	0.11618577088949705
0.035029515132303596	cosine	24.0	0.0	3.0	0.13733122967710018	0.17356475677209343
1.1538190620725886	cosine	24.0	6.0	3.0	0.41199368903130057	0.0023973316316347427
-0.5910177348121342	cosine	24.0	9.0	15.0	0.4404948064057702	0.0012822126829947912
-0.14601016662022245	cosine	24.0	0.0	21.0	0.2773216563242906	0.02881195020498228
1.8992027439319237	cosine	24.0	12.0	15.0	0.3717184280445718	0.005467174495423315
-0.7092719881472085	cosine	24.0	6.0	9.0	0.40611749922565527	0.002715547870623878
0.894545576808719	cosine	24.0	0.0	21.0	0.16639299379457437	0.12732468937632635
-0.7527636584049343	cosine	24.0	3.0	6.0	0.24125756564895978	0.04930266217726652
0.8543822376881586	cosine	24.0	3.0	0.0	0.16702446852620292	0.12642548136726045
-1.0324627068365952	cosine	24.0	18.0	21.0	0.23324759035367798	0.05515330692798147
1.3041545192543336	cosine	24.0	18.0	9.0	0.21898763651213274	0.06691183000253088
0.9049151654547674	cosine	24.0	21.0	0.0	0.24774067964969962	0.04493949144849353
-0.5853864172644716	cosine	24.0	21.0	0.0	0.3586693421794159	0.0070353044355588755
-1.1315386076782477	cosine	24.0	6.0	21.0	0.18929439766303	0.09750285144846599
-0.789926893860968	cosine	24.0	18.0	6.0	0.2296863493117667	0.057924711811786225
-0.45577483181181927	cosine	24.0	12.0	18.0	0.2773111460881942	0.028816684834412243
0.2398012174334999	cosine	24.0	6.0	0.0	0.1487492568366241	0.154258285657701
-0.10140929727658668	cosine	24.0	15.0	6.0	0.1818710879507543	0.10654892958100276
0.11515046621896934	cosine	24.0	21.0	15.0	0.2505938333618936	0.043120464095440875
0.4158232257993724	cosine	24.0	3.0	6.0	0.2561041850735112	0.03977585423405737
0.7102812370527726	cosine	24.0	0.0	21.0	0.21076445880646086	0.0745247925817003
0.3540171454417286	cosine	24.0	3.0	0.0	0.30064404334716527	0.019784814684414773
-1.6523257050166655	cosine	24.0	21.0	0.0	0.3142978771675294	0.015710968084713377
0.5358580129393327	cosine	24.0	21.0	6.0	0.21156432679985704	0.0737564416596048
-1.4338397260758435	cosine	24.0	18.0	15.0	0.34919003846611285	0.0084113441669734
-0.2685110757051257	cosine	24.0	15.0	9.0	0.2613104783763044	0.03681260452934408
-1.3219745825368623	cosine	24.0	6.0	12.0	0.20158236903314908	0.08378779091821886
0.7091379646613494	cosine	24.0	3.0	0.0	0.19671770737530567	0.08903321910476264
-0.48178742059489854	cosine	24.0	12.0	9.0	0.2655546592342455	0.03453273942337478
0.4363114143121748	cosine	24.0	12.0	21.0	0.4433759853931466	0.001201248967956901
0.721749789772171	cosine	24.0	9.0	6.0	0.15275979328671438	0.14782765030387718
0.3650300389737784	cosine	24.0	15.0	18.0	0.20651023780253988	0.07871439991892487
0.7134855472507776	cosine	24.0	18.0	21.0	0.4439228332537742	0.001186420942755472
1.2484258421044285	cosine	24.0	3.0	18.0	0.2699264121556429	0.03230693818080994
0.9036030817025383	cosine	24.0	0.0	18.0	0.3395411912439763	0.010049245916082774
0.31172412748599065	cosine	24.0	9.0	6.0	0.2421801600886935	0.04866185976418303
-0.811271669764133	cosine	24.0	3.0	9.0	0.1413117939947929	0.16666639132744304
1.4964080897854823	cosine	24.0	9.0	6.0	0.45082768262664485	0.0010130720578278318
-1.1987060719045572	cosine	24.0	3.0	9.0	0.3198109021987418	0.014282791544260957
-0.008688839376212789	cosine	24.0	21.0	3.0	0.2583465585551994	0.03847661585264555
-1.5844225990462069	cosine	24.0	15.0	12.0	0.20651023780253988	0.07871439991892487
0.8787437884625623	cosine	24.0	9.0	12.0	0.35531961446835664	0.007497010747590814
-0.36846368744527974	cosine	24.0	21.0	0.0	0.28471690049293835	0.0256371939762934
0.26262572559901104	cosine	24.0	6.0	21.0	0.36003052104537075	0.00685497779106477
-0.06821054786331941	cosine	24.0	0.0	3.0	0.08536806169117038	0.27946517588573627
2.840731559335035	cosine	24.0	15.0	6.0	0.21156432679985704	0.0737564416596048
0.4476572585443488	cosine	24.0	15.0	18.0	0.22152916418817914	0.06468486429452701
1.3967469679195972	cosine	24.0	0.0	6.0	0.290061050831417	0.023529860808762543
-1.0686590200560522	cosine	24.0	9.0	21.0	0.30064404334716527	0.019784814684414773
0.907357664849093	cosine	24.0	12.0	18.0	0.3297754169697444	0.011983823411287356
-0.10644841543060649	cosine	24.0	6.0	9.0	0.1453080960532161	0.15992129427517754
-0.8211565041150857	cosine	24.0	18.0	21.0	0.39125402252875013	0.0036972951644364377
0.8427461921587731	cosine	24.0	6.0	21.0	0.3823004501821978	0.004432269204779407
-1.2107928758578343	cosine	24.0	0.0	18.0	0.24358389806633082	0.04769966180633572
-0.5003171023882942	cosine	24.0	6.0	15.0	0.4639568570172304	0.0007459471323478724
1.0042903886709695	cosine	24.0	6.0	3.0	0.13733122967710018	0.17356475677209343
0.33481258456935786	cosine	24.0	3.0	6.0	0.1818710879507543	0.10654892958100276
0.16571014652950522	cosine	24.0	0.0	21.0	0.2625311679869951	0.03614461188618968
-1.1718193442080085	cosine	24.0	3.0	0.0	0.2932207336348896	0.022353887279688553
-0.19285619746424193	cosine	24.0	0.0	18.0	0.2952532097773707	0.02162395005989455
-0.838226888810324	cosine	24.0	21.0	0.0	0.23295019131240413	0.055380662873957556
1.1159506953145955	cosine	24.0	0.0	21.0	0.1885787263005176	0.09834961988888624
0.24591774250594428	cosine	24.0	18.0	3.0	0.22555494714375637	0.0612756889104502
-0.35356188509968994	cosine	24.0	18.0	21.0	0.39125402252875013	0.0036972951644364377
0.5934072529574342	cosine	24.0	0.0	21.0	0.13681201711998336	0.1744777691802858
0.03778989777038409	cosine	24.0	0.0	21.0	0.18118348213186988	0.10741654185240362
0.1027770371350382	cosine	24.0	3.0	21.0	0.22882123757746228	0.05861420943696903
-0.09371328257990466	cosine	24.0	6.0	3.0	0.18929439766303	0.09750285144846599
-0.6159986153415582	cosine	24.0	6.0	9.0	0.2943420407231813	0.021948655444004782
-0.8609399423837135	cosine	24.0	9.0	12.0	0.28799589804277326	0.02432625829671131
1.170820288940455	cosine	24.0	18.0	15.0	0.18398184822408098	0.10391722445107726
0.3867864251597199	cosine	24.0	15.0	18.0	0.2365480905738184	0.052679346147498834
0.06646786403404441	cosine	24.0	9.0	15.0	0.23144642370472673	0.05654161670725406
-0.2808601999795367	cosine	24.0	12.0	18.0	0.32228052112952293	0.013680195882558224
0.4155832327440813	cosine	24.0	0.0	21.0	0.3142978771675294	0.015710968084713377
0.5760778741164243	cosine	24.0	9.0	12.0	0.10846598757455098	0.2288741223274814
0.07026851299001115	cosine	24.0	12.0	9.0	0.22815259455336584	0.059151522051165605
-1.8394714819813724	cosine	24.0	18.0	9.0	0.2857974239226139	0.02519881865604328
-0.7807094225270833	cosine	24.0	12.0	9.0	0.19823094280866213	0.08737598727842949
0.2659594097739751	cosine	24.0	9.0	12.0	0.31043713685130103	0.016782574144907064
-0.414494394883993	cosine	24.0	21.0	0.0	0.3586693421794159	0.0070353044355588755
0.8674840545590865	cosine	24.0	18.0	15.0	0.42428467039430917	0.0018382656628527076
-0.1929751407337293	cosine	24.0	6.0	9.0	0.11550130711922306	0.21455262536216446
0.810243244264548	cosine	24.0	6.0	3.0	0.16702446852620292	0.12642548136726045
-0.6510801568954088	cosine	24.0	3.0	0.0	0.21898763651213274	0.06691183000253088
0.9495750289321558	cosine	24.0	15.0	18.0	0.4017562808158503	0.002975859456052734
-0.3516663046511816	cosine	24.0	0.0	9.0	0.23295019131240413	0.055380662873957556
1.513438650030083	cosine	24.0	18.0	21.0	0.23324759035367798	0.05515330692798147
0.2890481314541313	cosine	24.0	0.0	21.0	0.12202152878268788	0.2017571781780051
-0.792844422620674	cosine	24.0	12.0	9.0	0.28799589804277326	0.02432625829671131
-1.4742371049107794	cosine	24.0	6.0	3.0	0.1818710879507543	0.10654892958100276
1.3987145628246362	cosine	24.0	21.0	0.0	0.19597397046916537	0.08985625322931617
-0.6073258387807393	cosine	24.0	12.0	6.0	0.2239804100368323	0.06259195697574524
0.32048461797812827	cosine	24.0	12.0	15.0	0.2365480905738184	0.052679346147498834
0.67759991771201	cosine	24.0	18.0	15.0	0.3341711120804736	0.011076319946854101
1.6665764011998663	cosine	24.0	0.0	21.0	0.19597397046916537	0.08985625322931617
0.6021967439944361	cosine	24.0	3.0	0.0	0.2264109462244084	0.060569228522496806
0.10026296009292733	cosine	24.0	15.0	12.0	0.34919003846611285	0.0084113441669734
-0.8547429927560597	cosine	24.0	6.0	18.0	0.3408249054303635	0.009816401210183704
0.019514636653473576	cosine	24.0	9.0	15.0	0.3733006833947205	0.005299908342446223
1.2174508239236412	cosine	24.0	15.0	9.0	0.31357257405156524	0.01590768779332286
0.4512800473713931	cosine	24.0	12.0	15.0	0.326661648887654	0.01266506290239042
-1.2970928944625602	cosine	24.0	0.0	21.0	0.19597397046916537	0.08985625322931617
0.02488701568830494	cosine	24.0	9.0	18.0	0.2783741142103382	0.0283411053804827
-1.2975739404247961	cosine	24.0	6.0	9.0	0.3017937379566796	0.019410252116110444
-1.0660971415254945	cosine	24.0	9.0	12.0	0.2730350721704214	0.03079734328122759
0.9754528003170343	cosine	24.0	21.0	18.0	0.33106109598586553	0.011711945696637922
1.1539072468436922	cosine	24.0	9.0	3.0	0.35699821640789786	0.007262408061412495
-1.7778149272997734	cosine	24.0	9.0	12.0	0.15334846519160655	0.14689908245619482
-1.0429783115696738	cosine	24.0	6.0	9.0	0.2794386462561848	0.02787139059585182
-1.4812473717738914	cosine	24.0	21.0	0.0	0.29211214466158614	0.02276070879876716
0.49191547631361826	cosine	24.0	18.0	15.0	0.326661648887654	0.01266506290239042
-1.0779444907886895	cosine	24.0	18.0	3.0	0.2699264121556429	0.03230693818080994
-0.5483584147445972	cosine	24.0	15.0	21.0	0.3478392015321807	0.008625537378454924
1.0523729163027873	cosine	24.0	3.0	0.0	0.21898763651213274	0.06691183000253088
1.915334607967642	cosine	24.0	15.0	12.0	0.34919003846611285	0.0084113441669734
0.7438458973388258	cosine	24.0	18.0	15.0	0.31915218569483433	0.014447331991700058
1.1018871235986527	cosine	24.0	0.0	3.0	0.2338342559366841	0.05470697449766232
-0.3958854759091212	cosine	24.0	0.0	3.0	0.2561041850735112	0.03977585423405737
0.012756054122162271	cosine	24.0	0.0	18.0	0.3912105029550162	0.003700585778126575
-0.8472758138273414	cosine	24.0	21.0	0.0	0.28471690049293835	0.0256371939762934
1.8460040470222194	cosine	24.0	0.0	18.0	0.19929591659972523	0.08622355226943118
0.8119870850253741	cosine	24.0	0.0	21.0	0.3069026329988816	0.017817847893956983
0.8019016109722656	cosine	24.0	0.0	6.0	0.3049359765150794	0.018417133755406018
-0.44199502626509124	cosine	24.0	15.0	18.0	0.13892506906716318	0.17078109313035117
0.38476596780175343	cosine	24.0	18.0	15.0	0.25156701695945766	0.04251378781533029
0.9002426909418191	cosine	24.0	21.0	0.0	0.4104360513599501	0.0024782190637700975
-1.551066402765207	cosine	24.0	3.0	12.0	0.29950738883023387	0.02016114215609676
0.21327589640550026	cosine	24.0	6.0	3.0	0.41941699874357624	0.0020437099756060832
-0.14256532316927498	cosine	24.0	9.0	18.0	0.2561041850735112	0.03977585423405737
-0.5066715093198353	cosine	24.0	0.0	21.0	0.20336921463781313	0.08192052243423542
-1.5918879417141796	cosine	24.0	3.0	21.0	0.3395411912439763	0.010049245916082774
-1.0553993052927302	cosine	24.0	18.0	21.0	0.31601286435014436	0.015254106285572607
0.2763731603228584	cosine	24.0	21.0	12.0	0.3241488296571744	0.013239016787172118
0.08708937934864568	cosine	24.0	0.0	21.0	0.29950738883023387	0.02016114215609676
0.22157407405124355	cosine	24.0	9.0	3.0	0.3198109021987418	0.014282791544260957
-0.287204980753795	cosine	24.0	12.0	15.0	0.26658594334509694	0.03399663812377356
-1.4797081277421749	cosine	24.0	9.0	12.0	0.2954763109789492	0.021545066942792488
0.3566503958327534	cosine	24.0	18.0	15.0	0.17647238503126134	0.1134981303078686
-1.3634454447710935	cosine	24.0	9.0	6.0	0.21982506838819874	0.06617158668631351
0.7875868842020081	cosine	24.0	6.0	3.0	0.17444777823847862	0.11618577088949705
0.6451765913743562	cosine	24.0	6.0	18.0	0.2296863493117667	0.057924711811786225
0.021655579971712215	cosine	24.0	3.0	9.0	0.23056134809676734	0.057233835382467506
-0.6499331396641165	cosine	24.0	12.0	21.0	0.4210208936926518	0.0019738220182525293
-0.792295225786531	cosine	24.0	18.0	21.0	0.23324759035367798	0.05515330692798147
-0.63020022501838	cosine	24.0	6.0	21.0	0.2338342559366841	0.05470697449766232
1.8606017735557352	cosine	24.0	21.0	3.0	0.3912105029550162	0.003700585778126575
2.147375643492549	cosine	24.0	18.0	21.0	0.16553054799293276	0.12855996833004363
-0.3902968977685134	cosine	24.0	0.0	3.0	0.15217784910165155	0.14874946071331063
-0.3989041564120092	cosine	24.0	12.0	18.0	0.2548264585675298	0.040531983826212474
0.7948744440350765	cosine	24.0	9.0	12.0	0.3029567239151251	0.019037505968002938
-0.2449525107664371	cosine	24.0	18.0	12.0	0.42720906289262345	0.001724054801173308
0.7392509608645744	cosine	24.0	18.0	9.0	0.2857974239226139	0.02519881865604328
-0.07816002346530626	cosine	24.0	3.0	6.0	0.2783741142103382	0.0283411053804827
0.3412503836573798	cosine	24.0	18.0	12.0	0.23983666688708685	0.050302729438385485
-0.2858354412434387	cosine	24.0	0.0	18.0	0.16977059562198815	0.12256654833167985
0.5580728439811782	cosine	24.0	21.0	0.0	0.29211214466158614	0.02276070879876716
0.6491879707817756	cosine	24.0	0.0	6.0	0.23056134809676734	0.057233835382467506
0.5739224103137147	cosine	24.0	12.0	9.0	0.2505938333618936	0.043120464095440875
-0.876990125041984	cosine	24.0	18.0	15.0	0.31915218569483433	0.014447331991700058
-1.971587816748165	cosine	24.0	21.0	18.0	0.19562701126437507	0.09024213396007019
0.9083954852802607	cosine	24.0	12.0	9.0	0.42264333089394	0.0019053409706262982
1.9662833545455485	cosine	24.0	15.0	12.0	0.19900077460972024	0.08654178804169727
-1.016768491575361	cosine	24.0	3.0	6.0	0.18929439766303	0.09750285144846599
-0.23729331596997835	cosine	24.0	3.0	0.0	0.2338342559366841	0.05470697449766232
0.3996577527815717	cosine	24.0	9.0	6.0	0.10804960988572479	0.22973821551490692
1.2207732672101803	cosine	24.0	21.0	0.0	0.16639299379457437	0.12732468937632635
1.5836296464289394	cosine	24.0	0.0	3.0	0.2338342559366841	0.05470697449766232
-0.6823225455428575	cosine	24.0	6.0	3.0	0.2783741142103382	0.0283411053804827
-1.096013758509199	cosine	24.0	9.0	6.0	0.1453080960532161	0.15992129427517754
-0.9623728369904297	cosine	24.0	3.0	6.0	0.24125756564895978	0.04930266217726652
-0.35721016760130586	cosine	24.0	21.0	0.0	0.24774067964969962	0.04493949144849353
-1.064522550938528	cosine	24.0	18.0	15.0	0.3041332593091951	0.01866662856252859
0.1922811075315015	cosine	24.0	0.0	6.0	0.24543627378042976	0.04645332880937976
-0.2479559062058764	cosine	24.0	3.0	0.0	0.21156432679985704	0.0737564416596048
-0.5989762471348777	cosine	24.0	21.0	6.0	0.2857974239226139	0.02519881865604328
0.3697401917095906	cosine	24.0	15.0	18.0	0.3116427225020147	0.016441424648025
-0.7543019725575877	cosine	24.0	3.0	21.0	0.26572788879963366	0.03444220575113408
-0.7046697997227542	cosine	24.0	3.0	6.0	0.20414101708758137	0.08112374916958642
-0.1754473346576882	cosine	24.0	18.0	21.0	0.21819935871795682	0.06761446149507122
0.14187735491626635	cosine	24.0	15.0	0.0	0.35127409801076814	0.008090044838256295
-1.2008104947264526	cosine	24.0	3.0	0.0	0.2783741142103382	0.0283411053804827
0.48644300726974377	cosine	24.0	12.0	9.0	0.3852412662130603	0.004177612898480811
-0.5365934678687005	cosine	24.0	12.0	15.0	0.16145345864562208	0.13451203512311516
-0.10493773214637518	cosine	24.0	6.0	9.0	0.27198694902268655	0.031299660183120276
0.1796766809826392	cosine	24.0	12.0	21.0	0.37631071029166224	0.0049942265676904355
-1.4921529469493369	cosine	24.0	6.0	3.0	0.11506130054027312	0.2154327694040179
-1.3139199061629347	cosine	24.0	15.0	6.0	0.16702446852620292	0.12642548136726045
1.4882664275288002	cosine	24.0	6.0	21.0	0.26352749478578685	0.03560678181850737
-0.8956730266952558	cosine	24.0	3.0	0.0	0.16702446852620292	0.12642548136726045
0.8948240788293236	cosine	24.0	18.0	15.0	0.34168057527329326	0.009663826561076
1.4119641205539153	cosine	24.0	9.0	6.0	0.28689034348968306	0.024761821716796587
1.5178561859813704	cosine	24.0	9.0	21.0	0.47880347644178173	0.0005229199632550542
1.2392951284299696	cosine	24.0	15.0	12.0	0.2590764801522773	0.03806123580744964
1.7488175641649706	cosine	24.0	18.0	21.0	0.37620579089302897	0.005004611630800322
0.9231632406362144	cosine	24.0	21.0	18.0	0.13543408472149043	0.17691556091276012
-0.5231833715004276	cosine	24.0	0.0	3.0	0.3377605919085437	0.010380190257282039
-1.594093918481245	cosine	24.0	12.0	15.0	0.3041332593091951	0.01866662856252859
0.8795463000867118	cosine	24.0	21.0	18.0	0.19562701126437507	0.09024213396007019
-1.3403411653390473	cosine	24.0	0.0	18.0	0.23620256782189655	0.052934139906380795
-0.19492986232041312	cosine	24.0	6.0	12.0	0.17918432802946585	0.10996794592401771
-0.8659115163332616	cosine	24.0	18.0	9.0	0.3674538307576464	0.00594159154192835
0.12938085257055174	cosine	24.0	15.0	3.0	0.35430385173284484	0.007642194440630212
0.03328434310095872	cosine	24.0	3.0	0.0	0.2783741142103382	0.0283411053804827
-0.4777972448077787	cosine	24.0	9.0	6.0	0.39121410475865875	0.003700313337904557
-0.17412210095482694	cosine	24.0	18.0	15.0	0.31915218569483433	0.014447331991700058
0.19045481318153798	cosine	24.0	12.0	3.0	0.3142978771675294	0.015710968084713377
0.03467595634220611	cosine	24.0	0.0	3.0	0.20414101708758137	0.08112374916958642
0.8640232407292429	cosine	24.0	6.0	12.0	0.32103858771945964	0.013980433055581136
-0.46985306714041347	cosine	24.0	6.0	9.0	0.2645352517891883	0.03506947273840929
-1.7778769888867687	cosine	24.0	3.0	6.0	0.2783741142103382	0.0283411053804827
-0.9669732722923817	cosine	24.0	21.0	18.0	0.16553054799293276	0.12855996833004363
-1.387659155451076	cosine	24.0	9.0	18.0	0.3823004501821978	0.004432269204779407
-0.058529606781263545	cosine	24.0	15.0	18.0	0.13141560587434356	0.18414709071421098
0.4488432996005055	cosine	24.0	12.0	3.0	0.39564556302265463	0.003378433371147737
-0.7341340470662667	cosine	24.0	15.0	9.0	0.3434366287231429	0.009357182198009475
-0.12211256747812753	cosine	24.0	3.0	6.0	0.31549066277171667	0.015391993660926931
-0.4008455279551395	cosine	24.0	9.0	12.0	0.2505938333618936	0.043120464095440875
0.5305837308564583	cosine	24.0	3.0	0.0	0.30806735305944094	0.01747083493063007
0.5065432089110755	cosine	24.0	21.0	0.0	0.2625311679869951	0.03614461188618968
-0.7117229283415804	cosine	24.0	15.0	12.0	0.2140197009953595	0.07143562183788349
0.25970595855024675	cosine	24.0	9.0	0.0	0.45480751637183664	0.0009240395187704023
0.9690840335290216	cosine	24.0	18.0	6.0	0.4519634615489603	0.0009868927960479642
0.6615681780952565	cosine	24.0	15.0	18.0	0.3566995016589325	0.007303677061155208
0.6358703029804588	cosine	24.0	15.0	6.0	0.2264109462244084	0.060569228522496806
-1.248211789208424	cosine	24.0	15.0	18.0	0.2140197009953595	0.07143562183788349
0.23820134681517036	cosine	24.0	18.0	21.0	0.24829582198939915	0.044580801125198674
-0.7925808898154004	cosine	24.0	15.0	21.0	0.2655546592342455	0.03453273942337478
0.5671340834747864	cosine	24.0	9.0	15.0	0.32103858771945964	0.013980433055581136
1.250254322141311	cosine	24.0	6.0	21.0	0.2561041850735112	0.03977585423405737
0.32697148656423647	cosine	24.0	18.0	12.0	0.29979583360885853	0.02006507269077629
2.319980477952754	cosine	24.0	0.0	9.0	0.23295019131240413	0.055380662873957556
0.25109946120112253	cosine	24.0	6.0	3.0	0.30806735305944094	0.01747083493063007
-0.26541310900225484	cosine	24.0	0.0	21.0	0.22555494714375637	0.0612756889104502
0.8578053425485	cosine	24.0	18.0	6.0	0.3334156683557904	0.011227893725165514
-0.34388377137330384	cosine	24.0	0.0	6.0	0.2974985136732482	0.020841095044795872
0.7817738167945472	cosine	24.0	18.0	21.0	0.2633440536251203	0.03570531001355481
0.8094973139729428	cosine	24.0	21.0	0.0	0.21076445880646086	0.0745247925817003
1.323926513587795	cosine	24.0	0.0	6.0	0.290061050831417	0.023529860808762543
0.8941604008967694	cosine	24.0	0.0	9.0	0.22555494714375637	0.0612756889104502
0.3243765811295999	cosine	24.0	9.0	12.0	0.3478392015321807	0.008625537378454924
-0.17365905355934685	cosine	24.0	12.0	9.0	0.28799589804277326	0.02432625829671131
-0.7424969727580089	cosine	24.0	12.0	3.0	0.23295019131240413	0.055380662873957556
-0.052403658046328155	cosine	24.0	15.0	18.0	0.27409540653791653	0.03029598352690821
0.31330396301708563	cosine	24.0	12.0	15.0	0.4317941335871288	0.0015579361924007947
0.09072279191715582	cosine	24.0	0.0	12.0	0.2583465585551994	0.03847661585264555
0.5796307116847046	cosine	24.0	3.0	6.0	0.1818710879507543	0.10654892958100276
-0.8980519062106336	cosine	24.0	12.0	21.0	0.13785639881971784	0.1726443686722099
0.05978767682361107	cosine	24.0	3.0	12.0	0.2551359238183474	0.04034778682105685
0.4749398895878325	cosine	24.0	9.0	12.0	0.20571135574483804	0.0795206783939611
1.654439588546031	cosine	24.0	3.0	0.0	0.19671770737530567	0.08903321910476264
-0.20118990834698142	cosine	24.0	15.0	12.0	0.3116427225020147	0.016441424648025
-1.5203673260460786	cosine	24.0	21.0	15.0	0.28051548510659735	0.027402861731981906
-0.3303794934106617	cosine	24.0	6.0	15.0	0.2783741142103382	0.0283411053804827
-0.30598595766869324	cosine	24.0	21.0	18.0	0.29344051689656264	0.02227396573589996
-0.413253735461408	cosine	24.0	0.0	18.0	0.26572788879963366	0.03444220575113408
-0.5930131849080985	cosine	24.0	12.0	6.0	0.2090483827010435	0.07619384796207052
-0.2763803285325128	cosine	24.0	18.0	12.0	0.19486729184575807	0.09109137384214772
-0.1786305189173666	cosine	24.0	15.0	0.0	0.35127409801076814	0.008090044838256295
-1.3376781313761732	cosine	24.0	15.0	12.0	0.22903862738099875	0.05844034568396187
-0.40754373272628547	cosine	24.0	15.0	6.0	0.24125756564895978	0.04930266217726652
0.827668417105054	cosine	24.0	21.0	18.0	0.20315112708223565	0.08214673110717585
-0.5520457176190948	cosine	24.0	18.0	3.0	0.1589977496259266	0.13818700065494172
-2.0542702538377067	cosine	24.0	12.0	18.0	0.35975500033063024	0.006891145241127548
0.810924328733045	cosine	24.0	21.0	15.0	0.2580742462980696	0.03863252516949062
2.0918953458227283	cosine	24.0	15.0	18.0	0.2365480905738184	0.052679346147498834
0.982905050029275	cosine	24.0	12.0	3.0	0.3586693421794159	0.0070353044355588755
0.6544734757545992	cosine	24.0	0.0	21.0	0.2699264121556429	0.03230693818080994
0.5125838903179613	cosine	24.0	12.0	18.0	0.2698162502479727	0.03236153477515324
0.40296218180369897	cosine	24.0	15.0	18.0	0.2365480905738184	0.052679346147498834
0.9167596069127862	cosine	24.0	0.0	6.0	0.17849910820394893	0.11085238011984289
-0.19143863233013325	cosine	24.0	12.0	9.0	0.31043713685130103	0.016782574144907064
-0.37556678356416184	cosine	24.0	15.0	18.0	0.25156701695945766	0.04251378781533029
2.317477298329137	cosine	24.0	18.0	9.0	0.20414101708758137	0.08112374916958642
-1.8168751680987518	cosine	24.0	6.0	0.0	0.252873736622261	0.041710063911116285
-0.6914533127731618	cosine	24.0	9.0	6.0	0.3539556185911674	0.0076925343627084405
-0.8856609637938603	cosine	24.0	12.0	18.0	0.35975500033063024	0.006891145241127548
0.8822191862621931	cosine	24.0	3.0	21.0	0.1550079351331196	0.14430254111594104
-0.24678728747799641	cosine	24.0	12.0	9.0	0.22815259455336584	0.059151522051165605
-0.7168473148599618	cosine	24.0	6.0	3.0	0.30806735305944094	0.01747083493063007
0.9735711497537833	cosine	24.0	3.0	6.0	0.36003052104537075	0.00685497779106477
0.7234232821957662	cosine	24.0	6.0	15.0	0.26352749478578685	0.03560678181850737
0.962331338495609	cosine	24.0	3.0	0.0	0.18929439766303	0.09750285144846599
-0.6509911187802135	cosine	24.0	12.0	3.0	0.3142978771675294	0.015710968084713377
1.306856056937582	cosine	24.0	18.0	21.0	0.19562701126437507	0.09024213396007019
-2.2031476215002828	cosine	24.0	9.0	12.0	0.42264333089394	0.0019053409706262982
-0.7714109932837707	cosine	24.0	21.0	6.0	0.30806735305944094	0.01747083493063007
-0.9982822406010865	cosine	24.0	12.0	15.0	0.15394399545280243	0.1459636853800239
-0.8010384991346222	cosine	24.0	3.0	0.0	0.13733122967710018	0.17356475677209343
-0.533559807442708	cosine	24.0	12.0	15.0	0.31915218569483433	0.014447331991700058
-0.11832439654731854	cosine	24.0	0.0	18.0	0.16238926537755388	0.1331294177656946
-0.45246646580469335	cosine	24.0	12.0	15.0	0.17647238503126134	0.1134981303078686
-0.5205112475723175	cosine	24.0	3.0	9.0	0.24543627378042976	0.04645332880937976
1.4236483994416418	cosine	24.0	12.0	18.0	0.29979583360885853	0.02006507269077629
-0.8575163045087266	cosine	24.0	18.0	9.0	0.3897237598944735	0.0038145915220834077
-1.2116102129586737	cosine	24.0	3.0	6.0	0.2264109462244084	0.060569228522496806
0.9477668014278267	cosine	24.0	0.0	21.0	0.24034543548105186	0.04994280222373064
1.123928212935384	cosine	24.0	18.0	21.0	0.4288746016180531	0.0016619323581332764
-0.36998020257655817	cosine	24.0	0.0	21.0	0.22555494714375637	0.0612756889104502
-0.20511234822808325	cosine	24.0	9.0	15.0	0.2090483827010435	0.07619384796207052
-0.5080785875252517	cosine	24.0	15.0	18.0	0.15394399545280243	0.1459636853800239
-0.48700093532420974	cosine	24.0	9.0	12.0	0.1907505298724862	0.09579651477177781
-1.8397233613807744	cosine	24.0	15.0	21.0	0.33287837565982886	0.011336791543103485
0.4500798023098563	cosine	24.0	18.0	3.0	0.17378823796322213	0.11707097859576515
-0.9400032479724992	cosine	24.0	15.0	12.0	0.1914913114169006	0.09493692298572759
-0.02269975111934931	cosine	24.0	18.0	21.0	0.24077170617153856	0.0496428218829794
1.5147962464113944	cosine	24.0	15.0	12.0	0.1914913114169006	0.09493692298572759
-0.43751287918615156	cosine	24.0	3.0	0.0	0.12248461025254881	0.20086613625359467
-0.6658135183716505	cosine	24.0	21.0	18.0	0.3385852118037261	0.01022576234529446
-0.19634204700695942	cosine	24.0	9.0	12.0	0.36280002740453254	0.006500636034123981
0.8027976217102107	cosine	24.0	6.0	18.0	0.4000988020269485	0.003080546302853938
0.6124200708203107	cosine	24.0	9.0	12.0	0.17578970400013433	0.11439938205227845
0.30535377305762823	cosine	24.0	6.0	9.0	0.19746997668770394	0.08820646422125328
0.1018338053044931	cosine	24.0	18.0	21.0	0.31601286435014436	0.015254106285572607
0.850177038495021	cosine	24.0	18.0	15.0	0.26658594334509694	0.03399663812377356
-0.21229648188920144	cosine	24.0	15.0	12.0	0.20651023780253988	0.07871439991892487
-2.1276363614530034	cosine	24.0	6.0	9.0	0.1676631877537109	0.12552046793508637
-1.1246162137624378	cosine	24.0	9.0	15.0	0.3658346697268261	0.006131062942941702
1.6162337364099502	cosine	24.0	0.0	6.0	0.252873736622261	0.041710063911116285
1.2927943977843426	cosine	24.0	12.0	15.0	0.1914913114169006	0.09493692298572759
0.4411561218908472	cosine	24.0	21.0	12.0	0.2943420407231813	0.021948655444004782
3.0205960104958822	cosine	24.0	15.0	18.0	0.4543225231655877	0.0009344907811765314
0.05255774352750545	cosine	24.0	12.0	18.0	0.29979583360885853	0.02006507269077629
0.8372971061627952	cosine	24.0	18.0	0.0	0.3100158702662392	0.016903200710028324
0.2991885566558475	cosine	24.0	9.0	12.0	0.2954763109789492	0.021545066942792488
-0.3001173042800736	cosine	24.0	3.0	6.0	0.21898763651213274	0.06691183000253088
0.38824057970740655	cosine	24.0	21.0	6.0	0.2338342559366841	0.05470697449766232
1.3247180145961854	cosine	24.0	0.0	3.0	0.18929439766303	0.09750285144846599
-2.008483801318911	cosine	24.0	18.0	0.0	0.2583465585551994	0.03847661585264555
2.589175102367229	cosine	24.0	21.0	18.0	0.3235369801680049	0.01338212467957003
0.47235917416919043	cosine	24.0	6.0	9.0	0.31669713242367614	0.015075032280515356
0.8063901376134001	cosine	24.0	0.0	12.0	0.2731092190440679	0.030762062328506853
-2.240973542576546	cosine	24.0	21.0	18.0	0.3009646327144232	0.019679757062280118
1.0242703209269588	cosine	24.0	21.0	0.0	0.29950738883023387	0.02016114215609676
0.33164074557431317	cosine	24.0	12.0	21.0	0.36885901305816393	0.005781386903632934
-1.5532130950016805	cosine	24.0	3.0	6.0	0.19671770737530567	0.08903321910476264
0.48134481894072184	cosine	24.0	18.0	21.0	0.13543408472149043	0.17691556091276012
-1.4000954266740313	cosine	24.0	12.0	15.0	0.2365480905738184	0.052679346147498834
1.3342961224349488	cosine	24.0	3.0	6.0	0.17444777823847862	0.11618577088949705
0.6039823918959019	cosine	24.0	21.0	0.0	0.2625311679869951	0.03614461188618968
0.06383017064407004	cosine	24.0	18.0	15.0	0.31915218569483433	0.014447331991700058
0.44050405269389536	cosine	24.0	9.0	12.0	0.24311342042571768	0.04802044059311893
-1.1828900998582197	cosine	24.0	21.0	0.0	0.3216931213361771	0.01382149916799702
-1.227103703544712	cosine	24.0	21.0	0.0	0.24774067964969962	0.04493949144849353
-1.957163342936955	cosine	24.0	12.0	9.0	0.2954763109789492	0.021545066942792488
-0.043025561126513304	cosine	24.0	21.0	18.0	0.33106109598586553	0.011711945696637922
-0.7420622624226828	cosine	24.0	12.0	15.0	0.469341449551227	0.0006565102309762688
-1.8198645387600572	cosine	24.0	6.0	3.0	0.39714706960674917	0.0032752197042900965
-0.1906542040523536	cosine	24.0	15.0	12.0	0.18398184822408098	0.10391722445107726
0.5319714466225286	cosine	24.0	3.0	12.0	0.3808550746853591	0.004562440916140081
0.9215231546022319	cosine	24.0	18.0	9.0	0.5084967152908845	0.00024960851880785455
-2.593889244999373	cosine	24.0	18.0	15.0	0.17647238503126134	0.1134981303078686
1.3463567121972833	cosine	24.0	0.0	9.0	0.39564556302265463	0.003378433371147737
-0.15134070700029018	cosine	24.0	3.0	0.0	0.31549066277171667	0.015391993660926931
-0.9860956444501698	cosine	24.0	6.0	12.0	0.38823271073050936	0.003932079535862722
0.02083841971538862	cosine	24.0	12.0	15.0	0.27409540653791653	0.03029598352690821
-0.41837829684215044	cosine	24.0	12.0	15.0	0.22903862738099875	0.05844034568396187
-0.22717388228867233	cosine	24.0	9.0	6.0	0.3539556185911674	0.0076925343627084405
1.3856233317401616	cosine	24.0	12.0	15.0	0.2590764801522773	0.03806123580744964
-2.6994816167711573	cosine	24.0	0.0	3.0	0.32291397248399234	0.01352921307913464
-1.6640014204141158	cosine	24.0	15.0	12.0	0.43930359677994846	0.0013171214740370129
-1.499643069139598	cosine	24.0	9.0	0.0	0.3290883655048249	0.012131343131205926
1.3975592552481884	cosine	24.0	12.0	9.0	0.40768250502158815	0.0026272690356907743
-1.2844869376540227	cosine	24.0	18.0	12.0	0.20236218768597952	0.08296897952321058
0.5943528104513431	cosine	24.0	3.0	6.0	0.2561041850735112	0.03977585423405737
0.5886799076493615	cosine	24.0	21.0	18.0	0.3385852118037261	0.01022576234529446
-0.9926096008168456	cosine	24.0	15.0	9.0	0.2239804100368323	0.06259195697574524
0.23457123056240456	cosine	24.0	3.0	6.0	0.330337282196268	0.011864341762666228
0.11068569540857426	cosine	24.0	12.0	15.0	0.18398184822408098	0.10391722445107726
-0.42352518327605415	cosine	24.0	9.0	12.0	0.35531961446835664	0.007497010747590814
0.4920439312084245	cosine	24.0	18.0	0.0	0.3395411912439763	0.010049245916082774
-2.2846776587147395	cosine	24.0	21.0	12.0	0.36885901305816393	0.005781386903632934
-0.6364432270595825	cosine	24.0	15.0	18.0	0.1914913114169006	0.09493692298572759
-0.05766864878666241	cosine	24.0	21.0	0.0	0.2773216563242906	0.02881195020498228
-0.5126787917181389	cosine	24.0	6.0	3.0	0.2709508044980625	0.03180287707901677
-1.5526330011524727	cosine	24.0	9.0	6.0	0.24963185732219176	0.04372700742698232
-0.5175651057200655	cosine	24.0	9.0	6.0	0.36885901305816393	0.005781386903632934
-0.1188717342221341	cosine	24.0	9.0	18.0	0.31549066277171667	0.015391993660926931
0.8476201759561476	cosine	24.0	18.0	9.0	0.033404893705240586	0.40955477645177574
0.5694891900564596	cosine	24.0	0.0	21.0	0.2625311679869951	0.03614461188618968
-0.12215948767721294	cosine	24.0	0.0	21.0	0.14420726128863112	0.16176125330350544
-2.1843474251902384	cosine	24.0	18.0	21.0	0.15800643217507218	0.13968972354679038
-0.1853341691200085	cosine	24.0	18.0	21.0	0.15800643217507218	0.13968972354679038
-1.1398206175153953	cosine	24.0	18.0	21.0	0.30848874853228375	0.01734671524348048
0.6119202516979079	cosine	24.0	21.0	18.0	0.27086816944298087	0.031843296004397496
-0.1952371906977204	cosine	24.0	9.0	18.0	0.36003052104537075	0.00685497779106477
-0.39511653153874077	cosine	24.0	12.0	9.0	0.1907505298724862	0.09579651477177781
-0.80998254982318	cosine	24.0	18.0	21.0	0.3009646327144232	0.019679757062280118
2.8959903333143733	cosine	24.0	15.0	12.0	0.16896292183844172	0.12369283503412826
1.2734097130550732	cosine	24.0	3.0	0.0	0.43426361816812764	0.0014746410900555347
3.5088754870210574	cosine	24.0	0.0	3.0	0.41941699874357624	0.0020437099756060832
-0.5477769076837531	cosine	24.0	6.0	3.0	0.19671770737530567	0.08903321910476264
-0.7615718306139801	cosine	24.0	21.0	9.0	0.20414101708758137	0.08112374916958642
-0.6574680998042928	cosine	24.0	15.0	9.0	0.2613104783763044	0.03681260452934408
0.3722474010346151	cosine	24.0	0.0	21.0	0.3142978771675294	0.015710968084713377
-1.6332062204270896	cosine	24.0	15.0	21.0	0.3029567239151251	0.019037505968002938
0.3916811050780274	cosine	24.0	6.0	9.0	0.227276765621697	0.05986116155126607
-1.483160919386756	cosine	24.0	9.0	6.0	0.3614073158246657	0.006676747380572879
1.4251947146792516	cosine	24.0	15.0	21.0	0.2505938333618936	0.043120464095440875
-0.0781621261838209	cosine	24.0	9.0	3.0	0.32724836504057303	0.012534194594043507
-0.9065725313404855	cosine	24.0	12.0	9.0	0.1683092910639584	0.12460960164846763
1.5208554033583852	cosine	24.0	15.0	12.0	0.2891143329235558	0.023892184636934675
0.2155264023662647	cosine	24.0	9.0	6.0	0.2645352517891883	0.03506947273840929
0.386273291217511	cosine	24.0	6.0	0.0	0.32724836504057303	0.012534194594043507
-0.23649799302091973	cosine	24.0	9.0	12.0	0.3852412662130603	0.004177612898480811
0.700627714227736	cosine	24.0	12.0	9.0	0.20571135574483804	0.0795206783939611
-1.2375223858478372	cosine	24.0	12.0	15.0	0.39424681762303065	0.003477203539555004
-1.003661594227226	cosine	24.0	15.0	9.0	0.16425230069367702	0.1304060561266036
-0.5516454495274067	cosine	24.0	18.0	0.0	0.24358389806633082	0.04769966180633572
-0.2199085238442805	cosine	24.0	9.0	6.0	0.1453080960532161	0.15992129427517754
-1.751974607699814	cosine	24.0	18.0	21.0	0.2257234745358174	0.061136095767155875
2.5384233486388386	cosine	24.0	3.0	0.0	0.1818710879507543	0.10654892958100276
-0.6980940737495479	cosine	24.0	0.0	3.0	0.21156432679985704	0.0737564416596048
-1.4430717298635625	cosine	24.0	15.0	18.0	0.2365480905738184	0.052679346147498834
0.9879620824385885	cosine	24.0	0.0	12.0	0.2731092190440679	0.030762062328506853
-0.3864654944062795	cosine	24.0	6.0	9.0	0.19746997668770394	0.08820646422125328
-0.4821536653303504	cosine	24.0	6.0	12.0	0.40316473806629816	0.002889432401796725
-0.44936308096705857	cosine	24.0	18.0	15.0	0.15394399545280243	0.1459636853800239
0.675405567186111	cosine	24.0	21.0	0.0	0.14420726128863112	0.16176125330350544
2.385171335653107	cosine	24.0	3.0	0.0	0.21156432679985704	0.0737564416596048
0.6174363142066794	cosine	24.0	3.0	0.0	0.2264109462244084	0.060569228522496806
-0.17134813606652452	cosine	24.0	21.0	18.0	0.2558199378072597	0.039943065844359166
0.389994367622212	cosine	24.0	21.0	0.0	0.4252265396972456	0.0018007516288111659
0.02718797508804096	cosine	24.0	12.0	21.0	0.1453080960532161	0.15992129427517754
1.0477891701137405	cosine	24.0	3.0	21.0	0.1845332561108567	0.10323755908592297
-0.23914180946660277	cosine	24.0	9.0	12.0	0.13838763931925468	0.17171651217030293
-0.4648654099839708	cosine	24.0	6.0	21.0	0.19671770737530567	0.08903321910476264
0.4866295852618456	cosine	24.0	18.0	15.0	0.20651023780253988	0.07871439991892487
1.0234163743998625	cosine	24.0	21.0	6.0	0.18929439766303	0.09750285144846599
-2.0332494851197476	cosine	24.0	18.0	15.0	0.39424681762303065	0.003477203539555004
-0.11581483115529853	cosine	24.0	18.0	3.0	0.46220276054048437	0.0007774237502962231
-1.464863864633668	cosine	24.0	6.0	3.0	0.39714706960674917	0.0032752197042900965
0.5074801099646877	cosine	24.0	6.0	3.0	0.30806735305944094	0.01747083493063007
-0.9163391466225234	cosine	24.0	18.0	15.0	0.22903862738099875	0.05844034568396187
0.4436521857197014	cosine	24.0	15.0	18.0	0.3341711120804736	0.011076319946854101
0.1337445367126296	cosine	24.0	0.0	18.0	0.22882123757746228	0.05861420943696903
-0.8805790670721357	cosine	24.0	15.0	6.0	0.19671770737530567	0.08903321910476264
-1.2054264800366532	cosine	24.0	9.0	6.0	0.2421801600886935	0.04866185976418303
0.08195574485111505	cosine	24.0	15.0	12.0	0.3792278912373914	0.004713061061363689
0.0928862488851427	cosine	24.0	3.0	0.0	0.2932207336348896	0.022353887279688553
-0.4471341627810616	cosine	24.0	9.0	3.0	0.35699821640789786	0.007262408061412495
-0.4838717452661401	cosine	24.0	15.0	21.0	0.14586805225543062	0.15899064436178167
0.33174988746730727	cosine	24.0	6.0	3.0	0.24868087536123548	0.04433336645633893
-0.08673364093497192	cosine	24.0	21.0	18.0	0.2558199378072597	0.039943065844359166
2.1303695629231045	cosine	24.0	6.0	9.0	0.24963185732219176	0.04372700742698232
-0.7448980750255447	cosine	24.0	15.0	18.0	0.2891143329235558	0.023892184636934675
-0.7950311697561364	cosine	24.0	21.0	18.0	0.3009646327144232	0.019679757062280118
-0.9633919349950968	cosine	24.0	0.0	21.0	0.19597397046916537	0.08985625322931617
-0.8086809135770755	cosine	24.0	3.0	21.0	0.3469225214884106	0.008773600268086433
1.3725683712661791	cosine	24.0	6.0	9.0	0.33160052689067265	0.011599478395197028
1.4064064829475842	cosine	24.0	6.0	3.0	0.30064404334716527	0.019784814684414773
0.18160475548840974	cosine	24.0	15.0	21.0	0.3478392015321807	0.008625537378454924
-1.263561817647681	cosine	24.0	3.0	6.0	0.2857974239226139	0.02519881865604328
-0.16408821409731592	cosine	24.0	12.0	6.0	0.3733006833947205	0.005299908342446223
1.0650049000040744	cosine	24.0	15.0	3.0	0.21405857708859377	0.07139933215686703
0.573801200699106	cosine	24.0	15.0	9.0	0.33597061505524844	0.010722413737643984
0.6952691707019024	cosine	24.0	3.0	6.0	0.2338342559366841	0.05470697449766232
-1.1513849568247065	cosine	24.0	21.0	18.0	0.4063022541644713	0.0027049886032067413
1.100261299227714	cosine	24.0	15.0	12.0	0.2140197009953595	0.07143562183788349
-1.0302537996592844	cosine	24.0	0.0	3.0	0.26352749478578685	0.03560678181850737
-0.5914594906403148	cosine	24.0	15.0	12.0	0.19900077460972024	0.08654178804169727
0.6233317256364413	cosine	24.0	18.0	15.0	0.20651023780253988	0.07871439991892487
0.05978841508760506	cosine	24.0	18.0	21.0	0.19562701126437507	0.09024213396007019
1.982080882025587	cosine	24.0	0.0	6.0	0.4090604563007163	0.0025516968004234775
0.23011344571644848	cosine	24.0	3.0	0.0	0.20414101708758137	0.08112374916958642
0.935118429068789	cosine	24.0	21.0	18.0	0.2558199378072597	0.039943065844359166
-0.21042010507058978	cosine	24.0	12.0	15.0	0.26658594334509694	0.03399663812377356
-0.067982951963404	cosine	24.0	3.0	6.0	0.19671770737530567	0.08903321910476264
0.15204707662944406	cosine	24.0	12.0	15.0	0.25156701695945766	0.04251378781533029
-0.3457778148039874	cosine	24.0	0.0	21.0	0.3808550746853591	0.004562440916140081
-1.7798924294517509	cosine	24.0	6.0	3.0	0.20414101708758137	0.08112374916958642
1.1069679299953445	cosine	24.0	9.0	12.0	0.28799589804277326	0.02432625829671131
0.2814413363942846	cosine	24.0	21.0	0.0	0.21815970297510862	0.06764995867882109
0.7359698134596901	cosine	24.0	9.0	6.0	0.19001827945420569	0.09665182047357779
0.2528243302226647	cosine	24.0	6.0	3.0	0.21156432679985704	0.0737564416596048
-0.5816841827036368	cosine	24.0	3.0	0.0	0.2857974239226139	0.02519881865604328
-0.5254288653452235	cosine	24.0	12.0	15.0	0.386737354430211	0.004053152147956198
0.5565723603776357	cosine	24.0	21.0	3.0	0.28049054928850214	0.02741363646522646
1.4440904034979536	cosine	24.0	21.0	18.0	0.3461093276215867	0.008906808161730659
-0.707961134945685	cosine	24.0	18.0	12.0	0.32228052112952293	0.013680195882558224
-0.02296677349568006	cosine	24.0	9.0	6.0	0.2794386462561848	0.02787139059585182
1.2350002479252375	cosine	24.0	0.0	3.0	0.18929439766303	0.09750285144846599
-1.1324196091136542	cosine	24.0	18.0	21.0	0.18057877962865393	0.10818374624007071
0.5170940545965935	cosine	24.0	12.0	15.0	0.2140197009953595	0.07143562183788349
1.2201584621178252	cosine	24.0	0.0	3.0	0.21156432679985704	0.0737564416596048
0.6803232284021247	cosine	24.0	12.0	15.0	0.3041332593091951	0.01866662856252859
-0.43927422069546257	cosine	24.0	6.0	9.0	0.2794386462561848	0.02787139059585182
0.5128440183867049	cosine	24.0	12.0	21.0	0.5253446549616274	0.00016125300195278264
-0.26129258475428535	cosine	24.0	6.0	3.0	0.2857974239226139	0.02519881865604328
1.012579344657683	cosine	24.0	12.0	9.0	0.2730350721704214	0.03079734328122759
-1.4340300640756822	cosine	24.0	3.0	6.0	0.2932207336348896	0.022353887279688553
3.081491491374317	cosine	24.0	0.0	3.0	0.19671770737530567	0.08903321910476264
-0.8690500279112271	cosine	24.0	3.0	9.0	0.20081149672944254	0.08460315962917975
-0.21633667588908218	cosine	24.0	15.0	18.0	0.3041332593091951	0.01866662856252859
1.6499254606807456	cosine	24.0	21.0	6.0	0.41941699874357624	0.0020437099756060832
-0.3776662078864566	cosine	24.0	21.0	18.0	0.31601286435014436	0.015254106285572607
-0.24231169742996816	cosine	24.0	9.0	12.0	0.1683092910639584	0.12460960164846763
-1.1134891355366978	cosine	24.0	18.0	12.0	0.40472437537195904	0.0027963746112879334
-0.1433278850640391	cosine	24.0	6.0	15.0	0.2561041850735112	0.03977585423405737
0.7959307800299222	cosine	24.0	18.0	15.0	0.2891143329235558	0.023892184636934675
0.36968563770878077	cosine	24.0	0.0	12.0	0.14762660488868534	0.15609104027542364
-1.979089029318321	cosine	24.0	3.0	18.0	0.4326217838658934	0.0015295535381500524
-2.0990641584817715	cosine	24.0	21.0	18.0	0.1504823163572116	0.15145707876053838
-0.6313415028943942	cosine	24.0	3.0	9.0	0.23799881093859857	0.05162016738148153
-0.399424997479197	cosine	24.0	15.0	9.0	0.18665034169736025	0.10065802899450232
-1.908610879614682	cosine	24.0	6.0	3.0	0.30806735305944094	0.01747083493063007
0.846959839374756	cosine	24.0	6.0	9.0	0.40611749922565527	0.002715547870623878
-1.0685599953439175	cosine	24.0	9.0	15.0	0.23891243737262113	0.050961859814427864
-0.07225391723243103	cosine	24.0	15.0	0.0	0.1885787263005176	0.09834961988888624
0.12671882567503467	cosine	24.0	0.0	3.0	0.2338342559366841	0.05470697449766232
0.10327402845564686	cosine	24.0	3.0	6.0	0.1818710879507543	0.10654892958100276
0.5147554917917826	cosine	24.0	15.0	9.0	0.2090483827010435	0.07619384796207052
-0.791190377645168	cosine	24.0	18.0	15.0	0.13892506906716318	0.17078109313035117
-1.0473942372801375	cosine	24.0	0.0	3.0	0.30064404334716527	0.019784814684414773
-1.0520816120863488	cosine	24.0	6.0	9.0	0.07824282095173175	0.29609970419012943
0.9278224038684629	cosine	24.0	21.0	6.0	0.15217784910165155	0.14874946071331063
-0.4553917451863344	cosine	24.0	6.0	12.0	0.2687764920441988	0.03288060196554171
1.1365717663405173	cosine	24.0	6.0	9.0	0.227276765621697	0.05986116155126607
1.1753343371506466	cosine	24.0	9.0	15.0	0.25384446470840993	0.04112100111304758
-1.4543924443690157	cosine	24.0	15.0	9.0	0.23891243737262113	0.050961859814427864
-0.918799289425743	cosine	24.0	12.0	21.0	0.27198694902268655	0.031299660183120276
-0.9988669641947489	cosine	24.0	21.0	18.0	0.39125402252875013	0.0036972951644364377
0.14693220295699666	cosine	24.0	18.0	21.0	0.4063022541644713	0.0027049886032067413
-0.5624322308026571	cosine	24.0	15.0	12.0	0.29662379611637546	0.021143176383724687
-0.5599410432424188	cosine	24.0	0.0	18.0	0.19191458635529096	0.09444831922890234
0.611849615986774	cosine	24.0	18.0	6.0	0.2593232976100592	0.03792160852533819
0.08698521294772886	cosine	24.0	3.0	6.0	0.3451839016208194	0.009060553512911972
1.3650634393263212	cosine	24.0	21.0	0.0	0.3290883655048249	0.012131343131205926
-0.8680590673655012	cosine	24.0	6.0	0.0	0.290061050831417	0.023529860808762543
-0.17328797077605165	cosine	24.0	12.0	6.0	0.20158236903314908	0.08378779091821886
0.22962537406336983	cosine	24.0	6.0	9.0	0.3390522241241709	0.010139196014009982
-0.3209865746473651	cosine	24.0	12.0	9.0	0.2206721816171899	0.0654292553875976
-2.2162499128473256	cosine	24.0	9.0	6.0	0.36885901305816393	0.005781386903632934
-1.12125488107505	cosine	24.0	21.0	15.0	0.3852412662130603	0.004177612898480811
-0.39588481978125145	cosine	24.0	18.0	15.0	0.19900077460972024	0.08654178804169727
-0.26614710842215794	cosine	24.0	3.0	0.0	0.20414101708758137	0.08112374916958642
0.053784090611828796	cosine	24.0	6.0	0.0	0.3198109021987418	0.014282791544260957
-0.4050789361082101	cosine	24.0	0.0	18.0	0.23620256782189655	0.052934139906380795
0.03770793232118809	cosine	24.0	6.0	15.0	0.20414101708758137	0.08112374916958642
-0.8809220914177714	cosine	24.0	6.0	18.0	0.3037787200574979	0.018777736501489114
0.4314280806641725	cosine	24.0	15.0	18.0	0.24405755376663804	0.047378451921575866
-0.5734542184587913	cosine	24.0	12.0	9.0	0.23563300748954177	0.05335627493079011
-0.2844745013910058	cosine	24.0	6.0	3.0	0.19671770737530567	0.08903321910476264
-0.5943172682073379	cosine	24.0	0.0	6.0	0.37931060493339147	0.0047052989719750865
0.6922722740768534	cosine	24.0	3.0	6.0	0.2932207336348896	0.022353887279688553
0.4979852828610087	cosine	24.0	9.0	6.0	0.4955378660276344	0.0003463406188387727
-0.9369010847066287	cosine	24.0	0.0	6.0	0.2974985136732482	0.020841095044795872
-2.4672200515169354	cosine	24.0	18.0	15.0	0.2365480905738184	0.052679346147498834
-0.35311381990939733	cosine	24.0	15.0	18.0	0.3717184280445718	0.005467174495423315
0.6319667246187277	cosine	24.0	12.0	15.0	0.22903862738099875	0.05844034568396187
-0.12278053549877685	cosine	24.0	6.0	18.0	0.15559397856603552	0.1433930066875716
1.8551991452091225	cosine	24.0	15.0	12.0	0.2140197009953595	0.07143562183788349
1.4840221219875493	cosine	24.0	15.0	12.0	0.2891143329235558	0.023892184636934675
0.2670423499477902	cosine	24.0	12.0	18.0	0.28480604192841563	0.025600788696373288
0.4507521011603509	cosine	24.0	18.0	21.0	0.23324759035367798	0.05515330692798147
-2.009772114714441	cosine	24.0	0.0	21.0	0.3734598305167114	0.005283338852544909
0.21425915266294224	cosine	24.0	15.0	12.0	0.25156701695945766	0.04251378781533029
-0.6264436556237268	cosine	24.0	15.0	21.0	0.28799589804277326	0.02432625829671131
0.8430423390277149	cosine	24.0	21.0	9.0	0.2709508044980625	0.03180287707901677
-0.8976900641177807	cosine	24.0	3.0	0.0	0.14475453938937588	0.160844803171809
0.5367893134559631	cosine	24.0	6.0	9.0	0.31669713242367614	0.015075032280515356
0.5025350571563905	cosine	24.0	15.0	18.0	0.16896292183844172	0.12369283503412826
0.722417175977862	cosine	24.0	12.0	9.0	0.10098557463837504	0.24467319711431257
1.5167304028788138	cosine	24.0	9.0	6.0	0.21982506838819874	0.06617158668631351
0.09618156742975878	cosine	24.0	9.0	12.0	0.18327011693631026	0.10479929422810885
-0.4104134669307851	cosine	24.0	3.0	6.0	0.3823004501821978	0.004432269204779407
-0.7479459244971346	cosine	24.0	9.0	3.0	0.3198109021987418	0.014282791544260957
0.5900609585807212	cosine	24.0	0.0	6.0	0.4611226961935347	0.0007974088399087035
-1.946638658496445	cosine	24.0	6.0	9.0	0.227276765621697	0.05986116155126607
0.26684178968535965	cosine	24.0	6.0	3.0	0.19671770737530567	0.08903321910476264
1.3386113098344976	cosine	24.0	3.0	6.0	0.19671770737530567	0.08903321910476264
0.35390210500803904	cosine	24.0	9.0	12.0	0.36280002740453254	0.006500636034123981
-0.4081403552395603	cosine	24.0	9.0	12.0	0.1608288781277825	0.13544029453589856
-0.004307087156472511	cosine	24.0	12.0	15.0	0.27409540653791653	0.03029598352690821
0.2217662141119139	cosine	24.0	12.0	9.0	0.3029567239151251	0.019037505968002938
-0.5578770468758428	cosine	24.0	9.0	3.0	0.3421232907242354	0.009585702427533002
0.23735516357981046	cosine	24.0	0.0	15.0	0.3586693421794159	0.0070353044355588755
0.5003592841003814	cosine	24.0	21.0	0.0	0.4104360513599501	0.0024782190637700975
0.7161526319115261	cosine	24.0	15.0	9.0	0.29864054671577644	0.02045220334565448
1.3714914352939838	cosine	24.0	15.0	12.0	0.14643453225998282	0.15805277010113494
0.8691934704656261	cosine	24.0	0.0	18.0	0.2731092190440679	0.030762062328506853
-1.2041865893683168	cosine	24.0	6.0	9.0	0.3390522241241709	0.010139196014009982
-0.7408438934612015	cosine	24.0	18.0	0.0	0.2583465585551994	0.03847661585264555
-0.9050522822202726	cosine	24.0	9.0	6.0	0.1825665822207074	0.1056765215839412
0.6247516279279728	cosine	24.0	15.0	12.0	0.36420896485175214	0.006326666384439039
0.6472993530063603	cosine	24.0	12.0	18.0	0.3297754169697444	0.011983823411287356
3.162791699500176	cosine	24.0	12.0	9.0	0.41516291795776405	0.002240087373258416
-1.322316196849492	cosine	24.0	3.0	21.0	0.3100158702662392	0.016903200710028324
-1.160478029381054	cosine	24.0	15.0	18.0	0.22152916418817914	0.06468486429452701
0.4571434118271456	cosine	24.0	9.0	12.0	0.2730350721704214	0.03079734328122759
1.3897878325261406	cosine	24.0	3.0	0.0	0.3526072113330951	0.00789022129915346
0.869428015471949	cosine	24.0	18.0	21.0	0.3009646327144232	0.019679757062280118
-0.4776587235640709	cosine	24.0	21.0	18.0	0.2783922852608415	0.028333032653019858
-0.3365826645468903	cosine	24.0	18.0	0.0	0.2952532097773707	0.02162395005989455
-0.5686389527986838	cosine	24.0	9.0	12.0	0.2655546592342455	0.03453273942337478
-0.856730121538905	cosine	24.0	9.0	3.0	0.5578097131373404	6.705836522544588e-05
0.6818654033851219	cosine	24.0	12.0	9.0	0.1907505298724862	0.09579651477177781
1.0381214275375754	cosine	24.0	3.0	12.0	0.3586693421794159	0.0070353044355588755
-0.5234517722597994	cosine	24.0	18.0	15.0	0.13892506906716318	0.17078109313035117
0.30404257826204467	cosine	24.0	15.0	12.0	0.2365480905738184	0.052679346147498834
-0.34455947592876623	cosine	24.0	12.0	18.0	0.3522601044904088	0.007941827497483006
1.3598717461389165	cosine	24.0	0.0	18.0	0.24358389806633082	0.04769966180633572
1.2884179036066064	cosine	24.0	6.0	3.0	0.19671770737530567	0.08903321910476264
0.2951932438436364	cosine	24.0	6.0	9.0	0.16021149052021263	0.13636216882002333
0.5304816647244043	cosine	24.0	21.0	18.0	0.16553054799293276	0.12855996833004363
-2.4759060081104196	cosine	24.0	3.0	0.0	0.26352749478578685	0.03560678181850737
-1.3985426474455709	cosine	24.0	21.0	18.0	0.39125402252875013	0.0036972951644364377
0.9439128816920747	cosine	24.0	18.0	0.0	0.22882123757746228	0.05861420943696903
1.31436202895271	cosine	24.0	9.0	6.0	0.17511488498720915	0.11529525052334588
-0.16281144572225442	cosine	24.0	0.0	21.0	0.3216931213361771	0.01382149916799702
-1.160073354348497	cosine	24.0	3.0	0.0	0.2264109462244084	0.060569228522496806
-0.10950717414145489	cosine	24.0	18.0	21.0	0.29344051689656264	0.02227396573589996
0.1708301836280962	cosine	24.0	0.0	21.0	0.2625311679869951	0.03614461188618968
-0.08239650741294716	cosine	24.0	0.0	21.0	0.18118348213186988	0.10741654185240362
-0.04704903916604284	cosine	24.0	0.0	6.0	0.33468582788240425	0.010974068511825539
-0.5396021610339327	cosine	24.0	21.0	18.0	0.18810289544651448	0.09891558665411498
-0.5384894107404512	cosine	24.0	12.0	9.0	0.13838763931925468	0.17171651217030293
2.2714237152586856	cosine	24.0	15.0	12.0	0.14643453225998282	0.15805277010113494
-3.7257845840315635	cosine	24.0	18.0	21.0	0.18057877962865393	0.10818374624007071
-0.07676103841977126	cosine	24.0	9.0	3.0	0.1710616453621177	0.12078118127288895
0.40470766167416006	cosine	24.0	21.0	12.0	0.4359242881596483	0.0014209342667879036
1.4804337820406033	cosine	24.0	0.0	21.0	0.19597397046916537	0.08985625322931617
-0.5288954796812612	cosine	24.0	9.0	3.0	0.34956075356606664	0.008353384938283085
-0.8447561352806949	cosine	24.0	18.0	9.0	0.31549066277171667	0.015391993660926931
1.207226919683627	cosine	24.0	6.0	9.0	0.3837624075251605	0.00430398916286051
0.25952104035892926	cosine	24.0	3.0	18.0	0.29211214466158614	0.02276070879876716
-1.5491526322069467	cosine	24.0	0.0	21.0	0.21076445880646086	0.0745247925817003
1.639396017816514	cosine	24.0	0.0	9.0	0.21815970297510862	0.06764995867882109
0.17548394161728337	cosine	24.0	0.0	3.0	0.2709508044980625	0.03180287707901677
-0.625402983668533	cosine	24.0	9.0	12.0	0.3253979627236529	0.012950952528887621
-0.45750357590177093	cosine	24.0	0.0	3.0	0.14475453938937588	0.160844803171809
0.044243551156303	cosine	24.0	15.0	18.0	0.34919003846611285	0.0084113441669734
-0.263043339050476	cosine	24.0	6.0	3.0	0.3526072113330951	0.00789022129915346
0.19725349382036125	cosine	24.0	6.0	9.0	0.2049216739212022	0.08032379819344765
-0.26589627002823546	cosine	24.0	12.0	9.0	0.3253979627236529	0.012950952528887621
0.8418470543139158	cosine	24.0	18.0	12.0	0.29979583360885853	0.02006507269077629
0.30909959784920044	cosine	24.0	0.0	3.0	0.2857974239226139	0.02519881865604328
-1.4418989269743046	cosine	24.0	18.0	21.0	0.20315112708223565	0.08214673110717585
0.633148269706309	cosine	24.0	0.0	21.0	0.34387885384212036	0.009281315096840078
-0.8438631202655777	cosine	24.0	3.0	0.0	0.32291397248399234	0.01352921307913464
-0.06284615744857729	cosine	24.0	12.0	9.0	0.34035878859600477	0.009900396537324115
0.48018124302416576	cosine	24.0	15.0	21.0	0.14586805225543062	0.15899064436178167
-1.1005296650347929	cosine	24.0	21.0	0.0	0.2699264121556429	0.03230693818080994
-1.0990314914006045	cosine	24.0	0.0	18.0	0.2066772468441595	0.07854663026645384
-0.7671251357721628	cosine	24.0	18.0	15.0	0.2140197009953595	0.07143562183788349
-1.0905312555427173	cosine	24.0	3.0	6.0	0.20414101708758137	0.08112374916958642
0.14310522097767206	cosine	24.0	15.0	12.0	0.16145345864562208	0.13451203512311516
-1.3433540355850386	cosine	24.0	18.0	21.0	0.2257234745358174	0.061136095767155875
0.48123271542958307	cosine	24.0	21.0	12.0	0.2794386462561848	0.02787139059585182
-0.4144461667970374	cosine	24.0	3.0	6.0	0.19671770737530567	0.08903321910476264
0.01985224179088512	cosine	24.0	12.0	9.0	0.1608288781277825	0.13544029453589856
-1.6048341859580888	cosine	24.0	0.0	21.0	0.20336921463781313	0.08192052243423542
-0.03946805452649825	cosine	24.0	6.0	9.0	0.19746997668770394	0.08820646422125328
1.5730800173011998	cosine	24.0	18.0	15.0	0.22903862738099875	0.05844034568396187
0.7733217965761037	cosine	24.0	3.0	18.0	0.3586693421794159	0.0070353044355588755
1.6792345561658415	cosine	24.0	15.0	18.0	0.26658594334509694	0.03399663812377356
1.070160670798641	cosine	24.0	6.0	9.0	0.19001827945420569	0.09665182047357779
0.7951613514504646	cosine	24.0	9.0	18.0	0.2932207336348896	0.022353887279688553
-0.6992918039125212	cosine	24.0	9.0	3.0	0.3421232907242354	0.009585702427533002
0.6203899348812535	cosine	24.0	3.0	15.0	0.2952532097773707	0.02162395005989455
-0.1493717555139206	cosine	24.0	0.0	18.0	0.16977059562198815	0.12256654833167985
0.5145501263778562	cosine	24.0	21.0	0.0	0.13681201711998336	0.1744777691802858
-1.0229964778839713	cosine	24.0	9.0	12.0	0.18327011693631026	0.10479929422810885
2.725335623167472	cosine	24.0	3.0	12.0	0.2625311679869951	0.03614461188618968
0.6072187329512975	cosine	24.0	21.0	0.0	0.29211214466158614	0.02276070879876716
-1.2506653684592277	cosine	24.0	6.0	15.0	0.15217784910165155	0.14874946071331063
0.6769217518028611	cosine	24.0	0.0	3.0	0.15217784910165155	0.14874946071331063
-0.6799934260969368	cosine	24.0	12.0	15.0	0.19900077460972024	0.08654178804169727
-0.8933612585059443	cosine	24.0	18.0	21.0	0.17305466381079335	0.11806115286078062
1.0626693520125194	cosine	24.0	15.0	18.0	0.18398184822408098	0.10391722445107726
1.1602339546887217	cosine	24.0	0.0	3.0	0.24125756564895978	0.04930266217726652
-1.2581118914013814	cosine	24.0	6.0	3.0	0.1818710879507543	0.10654892958100276
-0.17759844120213622	cosine	24.0	15.0	18.0	0.16145345864562208	0.13451203512311516
0.22339284692596	cosine	24.0	21.0	6.0	0.21898763651213274	0.06691183000253088
-0.8847898748154928	cosine	24.0	0.0	3.0	0.3526072113330951	0.00789022129915346
-0.8099336257093211	cosine	24.0	15.0	18.0	0.3116427225020147	0.016441424648025
-0.5055310512387117	cosine	24.0	0.0	21.0	0.21815970297510862	0.06764995867882109
1.569032809176623	cosine	24.0	9.0	12.0	0.2580742462980696	0.03863252516949062
-0.5453097997574143	cosine	24.0	9.0	21.0	0.47880347644178173	0.0005229199632550542
0.17882071044907782	cosine	24.0	6.0	3.0	0.15960115881392725	0.1372777177333498
-1.3471600443927318	cosine	24.0	15.0	21.0	0.1608288781277825	0.13544029453589856
-0.6702750050867605	cosine	24.0	18.0	15.0	0.22152916418817914	0.06468486429452701
-0.6911170369501828	cosine	24.0	9.0	3.0	0.39418553061705386	0.003481589939211225
-0.2613904574107608	cosine	24.0	6.0	3.0	0.24868087536123548	0.04433336645633893
0.3961057689592356	cosine	24.0	3.0	6.0	0.24868087536123548	0.04433336645633893
-0.14931836254065795	cosine	24.0	12.0	15.0	0.2365480905738184	0.052679346147498834
-1.3817743504785973	cosine	24.0	6.0	9.0	0.3241488296571744	0.013239016787172118
-1.0070643924849902	cosine	24.0	0.0	3.0	0.24125756564895978	0.04930266217726652
0.9479155990835888	cosine	24.0	9.0	12.0	0.2580742462980696	0.03863252516949062
0.5411337876612492	cosine	24.0	15.0	18.0	0.16145345864562208	0.13451203512311516
-0.8960875588977625	cosine	24.0	12.0	18.0	0.26232135440775123	0.03625871568011357
2.2450581093989634	cosine	24.0	0.0	3.0	0.09279137140344607	0.2626323221755049
0.9664517109728261	cosine	24.0	18.0	21.0	0.37620579089302897	0.005004611630800322
-1.1912686676510151	cosine	24.0	12.0	15.0	0.2590764801522773	0.03806123580744964
-0.2621736855269688	cosine	24.0	9.0	3.0	0.3421232907242354	0.009585702427533002
1.5954452615565806	cosine	24.0	9.0	6.0	0.33160052689067265	0.011599478395197028
1.2538721430068633	cosine	24.0	3.0	9.0	0.19337403388761132	0.0927778374767943
0.26400603763796976	cosine	24.0	12.0	15.0	0.15394399545280243	0.1459636853800239
0.21776176697341382	cosine	24.0	3.0	6.0	0.2338342559366841	0.05470697449766232
