ID	Waveform	Period	Phase	Nadir	Tau	P
-0.5101223413370082	cosine	24.0	12.0	6.0	0.291174533047882	0.023109639719022
1.0929444286567114	cosine	24.0	0.0	3.0	0.2709508044980625	0.03180287707901677
-1.2272317152197447	cosine	24.0	9.0	3.0	0.364435679249729	0.006299060954990374
0.6324235867605268	cosine	24.0	0.0	3.0	0.18929439766303	0.09750285144846599
0.01969926829383553	cosine	24.0	9.0	12.0	0.20571135574483804	0.0795206783939611
-0.3681867787960014	cosine	24.0	21.0	12.0	0.25708355455569004	0.03920408275739036
1.9142794490477297	cosine	24.0	12.0	9.0	0.35531961446835664	0.007497010747590814
0.6398662689643004	cosine	24.0	15.0	18.0	0.3041332593091951	0.01866662856252859
0.34391931958342264	cosine	24.0	18.0	15.0	0.22152916418817914	0.06468486429452701
2.016113308129391	cosine	24.0	0.0	9.0	0.3069026329988816	0.017817847893956983
-0.7514312214118961	cosine	24.0	3.0	0.0	0.4416869278804033	0.0012481261625825624
0.993274720005541	cosine	24.0	0.0	21.0	0.39564556302265463	0.003378433371147737
-0.6860176609276798	cosine	24.0	21.0	18.0	0.19562701126437507	0.09024213396007019
-1.2926449064993417	cosine	24.0	6.0	3.0	0.2338342559366841	0.05470697449766232
0.5498477496608438	cosine	24.0	6.0	9.0	0.1676631877537109	0.12552046793508637
0.6595612649053528	cosine	24.0	3.0	0.0	0.17444777823847862	0.11618577088949705
-0.44109218699839187	cosine	24.0	12.0	9.0	0.36280002740453254	0.006500636034123981
-0.4800787520019036	cosine	24.0	0.0	21.0	0.3734598305167114	0.005283338852544909
-1.0520355630958687	cosine	24.0	21.0	12.0	0.1676631877537109	0.12552046793508637
2.0399224824978224	cosine	24.0	9.0	18.0	0.2932207336348896	0.022353887279688553
2.41792707043374	cosine	24.0	9.0	15.0	0.11945621868631057	0.20673596440309705
-0.7877908449944736	cosine	24.0	15.0	12.0	0.3341711120804736	0.011076319946854101
0.46628385489267776	cosine	24.0	9.0	6.0	0.3241488296571744	0.013239016787172118
0.6000513213220521	cosine	24.0	18.0	0.0	0.2583465585551994	0.03847661585264555
2.8718700564178783	cosine	24.0	9.0	6.0	0.19746997668770394	0.08820646422125328
-1.5715485302019716	cosine	24.0	12.0	9.0	0.19823094280866213	0.08737598727842949
0.5721488025443184	cosine	24.0	6.0	3.0	0.15217784910165155	0.14874946071331063
-0.24359405526704445	cosine	24.0	9.0	12.0	0.527369112000403	0.00015287620785863062
-0.13217376444803514	cosine	24.0	15.0	18.0	0.31915218569483433	0.014447331991700058
1.0299666896246775	cosine	24.0	15.0	12.0	0.16145345864562208	0.13451203512311516
-0.5866733873524687	cosine	24.0	3.0	21.0	0.22882123757746228	0.05861420943696903
-0.2858625191770686	cosine	24.0	6.0	0.0	0.23056134809676734	0.057233835382467506
1.0761727468935998	cosine	24.0	15.0	18.0	0.3041332593091951	0.01866662856252859
0.1691640613520182	cosine	24.0	9.0	15.0	0.19411635536525468	0.09193660660926267
0.19570537009764344	cosine	24.0	15.0	18.0	0.2891143329235558	0.023892184636934675
-0.3048369355043848	cosine	24.0	3.0	0.0	0.17444777823847862	0.11618577088949705
-1.5938907153719666	cosine	24.0	6.0	0.0	0.18593657104578012	0.10152240598303947
0.915776837165407	cosine	24.0	12.0	15.0	0.36420896485175214	0.006326666384439039
-2.8942334377251457	cosine	24.0	9.0	3.0	0.21568642241310496	0.06989245255810622
-1.0254912171331794	cosine	24.0	6.0	3.0	0.20414101708758137	0.08112374916958642
-0.22096839405342333	cosine	24.0	6.0	12.0	0.20158236903314908	0.08378779091821886
1.6224798277512433	cosine	24.0	21.0	6.0	0.4268403084558519	0.0017380915166549582
-2.624968661121388	cosine	24.0	3.0	15.0	0.40597316344388473	0.002723822944538488
-1.399012864904027	cosine	24.0	18.0	12.0	0.2473315627273083	0.04520531538629516
0.479309605326921	cosine	24.0	9.0	3.0	0.364435679249729	0.006299060954990374
-0.18454322513674867	cosine	24.0	3.0	6.0	0.32291397248399234	0.01352921307913464
1.382669831535713	cosine	24.0	18.0	3.0	0.4326217838658934	0.0015295535381500524
0.023145169552773567	cosine	24.0	9.0	12.0	0.2505938333618936	0.043120464095440875
-1.7750043243845202	cosine	24.0	6.0	0.0	0.18593657104578012	0.10152240598303947
-1.58825258472979	cosine	24.0	9.0	3.0	0.3421232907242354	0.009585702427533002
-0.9912683882437521	cosine	24.0	18.0	6.0	0.2741417717592054	0.030274215841132077
0.1914196527979734	cosine	24.0	9.0	3.0	0.26774866230592337	0.033400440030095055
-2.4733671985274395	cosine	24.0	15.0	18.0	0.24405755376663804	0.047378451921575866
-0.2888149684213468	cosine	24.0	6.0	0.0	0.33468582788240425	0.010974068511825539
-0.12330544637076725	cosine	24.0	9.0	21.0	0.0779447519788947	0.296805367138525
-1.0818449123090095	cosine	24.0	3.0	6.0	0.2932207336348896	0.022353887279688553
-1.4296105469274971	cosine	24.0	18.0	21.0	0.15800643217507218	0.13968972354679038
-0.05445086713153062	cosine	24.0	12.0	15.0	0.3116427225020147	0.016441424648025
0.2737849279985906	cosine	24.0	15.0	18.0	0.2891143329235558	0.023892184636934675
0.32539474192027323	cosine	24.0	3.0	6.0	0.39714706960674917	0.0032752197042900965
0.529699812356314	cosine	24.0	6.0	9.0	0.27198694902268655	0.031299660183120276
0.20438741181223172	cosine	24.0	18.0	15.0	0.19900077460972024	0.08654178804169727
-0.23447304432388716	cosine	24.0	12.0	9.0	0.3478392015321807	0.008625537378454924
0.44525283636332386	cosine	24.0	21.0	18.0	0.18810289544651448	0.09891558665411498
-0.4371707169409009	cosine	24.0	15.0	12.0	0.25156701695945766	0.04251378781533029
0.7111671297436184	cosine	24.0	0.0	3.0	0.17444777823847862	0.11618577088949705
0.7206007297800117	cosine	24.0	6.0	0.0	0.33468582788240425	0.010974068511825539
-1.1873630952364562	cosine	24.0	15.0	12.0	0.46183198635840733	0.0007842318242674856
1.2434185120322363	cosine	24.0	21.0	3.0	0.2731092190440679	0.030762062328506853
-0.6330783761077995	cosine	24.0	21.0	15.0	0.10098557463837504	0.24467319711431257
-0.1634759290054987	cosine	24.0	9.0	15.0	0.3509026423910373	0.008146509643390648
0.6873938335298835	cosine	24.0	3.0	6.0	0.20414101708758137	0.08112374916958642
0.010459824423687035	cosine	24.0	18.0	21.0	0.39125402252875013	0.0036972951644364377
-0.054539431654174575	cosine	24.0	9.0	0.0	0.19597397046916537	0.08985625322931617
-1.9375646482994109	cosine	24.0	15.0	12.0	0.5068887655153251	0.00026006634849387665
1.972643584297075	cosine	24.0	12.0	6.0	0.3733006833947205	0.005299908342446223
1.176400804305583	cosine	24.0	12.0	9.0	0.3777608532768844	0.004852642849707168
0.3890655844958275	cosine	24.0	21.0	6.0	0.4045703793190249	0.002805441148677372
0.9673871263212904	cosine	24.0	0.0	21.0	0.19597397046916537	0.08985625322931617
1.0477129401849006	cosine	24.0	12.0	18.0	0.2698162502479727	0.03236153477515324
-1.1052073198958616	cosine	24.0	15.0	9.0	0.2762425057120932	0.02930147114696944
0.25312872901478795	cosine	24.0	15.0	9.0	0.19411635536525468	0.09193660660926267
0.004105858211665193	cosine	24.0	3.0	0.0	0.4416869278804033	0.0012481261625825624
0.8398595233543285	cosine	24.0	21.0	3.0	0.2952532097773707	0.02162395005989455
0.41876577166996476	cosine	24.0	21.0	15.0	0.23563300748954177	0.05335627493079011
-0.9145534221450461	cosine	24.0	15.0	3.0	0.2583465585551994	0.03847661585264555
-1.1102583606032213	cosine	24.0	18.0	21.0	0.2257234745358174	0.061136095767155875
0.09788291518363788	cosine	24.0	21.0	0.0	0.24034543548105186	0.04994280222373064
0.3940819669694117	cosine	24.0	3.0	0.0	0.15960115881392725	0.1372777177333498
-0.29617243342864324	cosine	24.0	15.0	12.0	0.15394399545280243	0.1459636853800239
-0.3302428001927301	cosine	24.0	15.0	18.0	0.20651023780253988	0.07871439991892487
1.199970971289941	cosine	24.0	21.0	18.0	0.30848874853228375	0.01734671524348048
1.043759198071491	cosine	24.0	0.0	21.0	0.33648360967347263	0.010623344634627566
0.818168732872472	cosine	24.0	18.0	15.0	0.386737354430211	0.004053152147956198
-1.1367263435839525	cosine	24.0	18.0	15.0	0.3341711120804736	0.011076319946854101
-0.41912758185708326	cosine	24.0	21.0	15.0	0.2730350721704214	0.03079734328122759
1.3486636093190474	cosine	24.0	15.0	18.0	0.3341711120804736	0.011076319946854101
0.40375359229922975	cosine	24.0	3.0	6.0	0.39714706960674917	0.0032752197042900965
-0.5310718870848544	cosine	24.0	21.0	3.0	0.37644784246614765	0.004980681982243198
0.7960746686372822	cosine	24.0	12.0	21.0	0.3017937379566796	0.019410252116110444
-0.998817765961979	cosine	24.0	15.0	12.0	0.0938682899102454	0.2602341422708193
-1.1454221932935733	cosine	24.0	9.0	12.0	0.17578970400013433	0.11439938205227845
1.6407246975185497	cosine	24.0	15.0	12.0	0.20651023780253988	0.07871439991892487
-0.29447637692102757	cosine	24.0	18.0	21.0	0.3235369801680049	0.01338212467957003
0.19920571949020988	cosine	24.0	15.0	21.0	0.22815259455336584	0.059151522051165605
-0.9273894046827675	cosine	24.0	15.0	18.0	0.20651023780253988	0.07871439991892487
-2.522279078526535	cosine	24.0	9.0	18.0	0.14475453938937588	0.160844803171809
0.15932434496594045	cosine	24.0	18.0	15.0	0.2140197009953595	0.07143562183788349
1.3913045780242994	cosine	24.0	15.0	18.0	0.1914913114169006	0.09493692298572759
1.566135084996284	cosine	24.0	3.0	0.0	0.20414101708758137	0.08112374916958642
2.411679775634115	cosine	24.0	3.0	9.0	0.1413117939947929	0.16666639132744304
-0.8698835680294931	cosine	24.0	0.0	3.0	0.3674538307576464	0.00594159154192835
-0.3487162664973481	cosine	24.0	21.0	0.0	0.2551359238183474	0.04034778682105685
-0.5595560822774786	cosine	24.0	9.0	18.0	0.4416869278804033	0.0012481261625825624
0.38319881453281596	cosine	24.0	0.0	9.0	0.3808550746853591	0.004562440916140081
1.654335045781138	cosine	24.0	9.0	12.0	0.18327011693631026	0.10479929422810885
-1.474441327039226	cosine	24.0	15.0	12.0	0.3116427225020147	0.016441424648025
-2.041157752326196	cosine	24.0	12.0	18.0	0.26232135440775123	0.03625871568011357
1.0703009427088805	cosine	24.0	9.0	6.0	0.16021149052021263	0.13636216882002333
-0.17999312775418613	cosine	24.0	9.0	6.0	0.37631071029166224	0.0049942265676904355
-0.20400945211089672	cosine	24.0	6.0	9.0	0.2049216739212022	0.08032379819344765
0.7705931858861864	cosine	24.0	3.0	0.0	0.32291397248399234	0.01352921307913464
1.3076971919758729	cosine	24.0	15.0	18.0	0.13141560587434356	0.18414709071421098
-0.7142304128696626	cosine	24.0	12.0	0.0	0.14762660488868534	0.15609104027542364
1.8665435409749342	cosine	24.0	3.0	6.0	0.24125756564895978	0.04930266217726652
-0.2791767112366778	cosine	24.0	18.0	15.0	0.16145345864562208	0.13451203512311516
0.28323955226653746	cosine	24.0	12.0	9.0	0.2206721816171899	0.0654292553875976
1.3547079051661852	cosine	24.0	6.0	12.0	0.24637845104051553	0.04582950804198322
0.3463496042256478	cosine	24.0	15.0	9.0	0.33597061505524844	0.010722413737643984
-0.7640729034943959	cosine	24.0	9.0	15.0	0.3658346697268261	0.006131062942941702
-0.280616139059016	cosine	24.0	0.0	9.0	0.21815970297510862	0.06764995867882109
-0.0769409669547016	cosine	24.0	21.0	0.0	0.22555494714375637	0.0612756889104502
0.8939302763391269	cosine	24.0	9.0	6.0	0.3017937379566796	0.019410252116110444
-0.5497663214204416	cosine	24.0	21.0	0.0	0.13681201711998336	0.1744777691802858
-1.5988017061170368	cosine	24.0	21.0	6.0	0.24125756564895978	0.04930266217726652
-0.49036128467650253	cosine	24.0	21.0	0.0	0.12941677295133563	0.18781168020979827
-0.13356049668996453	cosine	24.0	21.0	0.0	0.2625311679869951	0.03614461188618968
-1.896939203894934	cosine	24.0	0.0	21.0	0.28471690049293835	0.0256371939762934
-0.1282709303117222	cosine	24.0	15.0	18.0	0.36420896485175214	0.006326666384439039
-1.1927612303055326	cosine	24.0	3.0	6.0	0.3674538307576464	0.00594159154192835
0.36512080478261644	cosine	24.0	6.0	3.0	0.3897237598944735	0.0038145915220834077
-0.192523751051374	cosine	24.0	9.0	6.0	0.28689034348968306	0.024761821716796587
-1.2591121190662338	cosine	24.0	0.0	3.0	0.2561041850735112	0.03977585423405737
-0.759242470207682	cosine	24.0	3.0	0.0	0.19671770737530567	0.08903321910476264
0.6479347648582893	cosine	24.0	0.0	15.0	0.2699264121556429	0.03230693818080994
1.7943620309681076	cosine	24.0	9.0	6.0	0.11550130711922306	0.21455262536216446
-0.20830561304880243	cosine	24.0	6.0	9.0	0.24963185732219176	0.04372700742698232
-0.3210718978176647	cosine	24.0	3.0	6.0	0.2709508044980625	0.03180287707901677
0.7629482703671684	cosine	24.0	3.0	6.0	0.2338342559366841	0.05470697449766232
0.483204937999943	cosine	24.0	0.0	9.0	0.22555494714375637	0.0612756889104502
-0.02231336446320848	cosine	24.0	18.0	21.0	0.36115755925730786	0.006708771770159142
-0.980884700789038	cosine	24.0	6.0	9.0	0.2943420407231813	0.021948655444004782
0.031524666254223246	cosine	24.0	0.0	6.0	0.32724836504057303	0.012534194594043507
-0.10261905515973929	cosine	24.0	18.0	21.0	0.3461093276215867	0.008906808161730659
1.2444773881751754	cosine	24.0	9.0	15.0	0.2762425057120932	0.02930147114696944
0.0875287161118701	cosine	24.0	12.0	15.0	0.4017562808158503	0.002975859456052734
1.4345832290462965	cosine	24.0	0.0	6.0	0.3123734393569106	0.016237554289091953
-0.14598134413682812	cosine	24.0	9.0	12.0	0.1608288781277825	0.13544029453589856
-0.3669034456621348	cosine	24.0	3.0	6.0	0.18929439766303	0.09750285144846599
0.9603214465006559	cosine	24.0	15.0	12.0	0.25156701695945766	0.04251378781533029
-0.5295527577367073	cosine	24.0	6.0	0.0	0.26774866230592337	0.033400440030095055
0.16737544775388954	cosine	24.0	3.0	0.0	0.1818710879507543	0.10654892958100276
-0.2740622063154247	cosine	24.0	9.0	3.0	0.34956075356606664	0.008353384938283085
0.9904864849759524	cosine	24.0	6.0	0.0	0.22312388525493615	0.06331718635548518
0.1388419385702436	cosine	24.0	6.0	9.0	0.2794386462561848	0.02787139059585182
-1.6450541982200413	cosine	24.0	21.0	9.0	0.47138016672950606	0.0006253118123086274
0.5682014704258539	cosine	24.0	21.0	0.0	0.29211214466158614	0.02276070879876716
-0.9797546641279601	cosine	24.0	21.0	15.0	0.2730350721704214	0.03079734328122759
0.3663238515649828	cosine	24.0	21.0	0.0	0.12202152878268788	0.2017571781780051
-1.3881238340970221	cosine	24.0	0.0	3.0	0.3377605919085437	0.010380190257282039
-0.39287267828165756	cosine	24.0	21.0	18.0	0.24077170617153856	0.0496428218829794
-0.04313766171420439	cosine	24.0	9.0	15.0	0.2687764920441988	0.03288060196554171
-1.0288033324104005	cosine	24.0	15.0	12.0	0.2816048697307362	0.026935575910470858
0.81622190906873	cosine	24.0	15.0	12.0	0.3116427225020147	0.016441424648025
-0.2849911094954953	cosine	24.0	18.0	15.0	0.31915218569483433	0.014447331991700058
1.0598881242557596	cosine	24.0	9.0	12.0	0.24311342042571768	0.04802044059311893
-0.33142506943671834	cosine	24.0	18.0	6.0	0.2593232976100592	0.03792160852533819
-0.8262416067844561	cosine	24.0	6.0	3.0	0.10763799082799744	0.23059422607029073
-1.6099804304322871	cosine	24.0	15.0	18.0	0.1914913114169006	0.09493692298572759
0.14405732573480667	cosine	24.0	12.0	9.0	0.13838763931925468	0.17171651217030293
0.9559402023992354	cosine	24.0	0.0	15.0	0.44741227220318885	0.0010956827098778873
0.4268436979859604	cosine	24.0	15.0	9.0	0.46289284740945347	0.0007648972416465147
-0.3034214976112489	cosine	24.0	21.0	3.0	0.19929591659972523	0.08622355226943118
0.6359356220261614	cosine	24.0	21.0	18.0	0.20315112708223565	0.08214673110717585
0.42390723465775093	cosine	24.0	18.0	12.0	0.17987750016531512	0.10907841091363718
-1.6932044529503287	cosine	24.0	18.0	15.0	0.22903862738099875	0.05844034568396187
0.9513057989188823	cosine	24.0	0.0	21.0	0.1885787263005176	0.09834961988888624
0.8834358545852091	cosine	24.0	15.0	21.0	0.2954763109789492	0.021545066942792488
2.1404349923938906	cosine	24.0	18.0	21.0	0.24077170617153856	0.0496428218829794
-2.02184246793459	cosine	24.0	0.0	3.0	0.3526072113330951	0.00789022129915346
-1.8701160584231937	cosine	24.0	9.0	6.0	0.28689034348968306	0.024761821716796587
-0.9899550806778086	cosine	24.0	18.0	6.0	0.20004940101347424	0.08541508118875585
-0.2900514338561738	cosine	24.0	21.0	18.0	0.5417363388859617	0.00010414859051580778
3.030132622366397	cosine	24.0	18.0	3.0	0.2625311679869951	0.03614461188618968
-1.0832772149447327	cosine	24.0	15.0	21.0	0.3702804403407085	0.005623241622001215
-0.40159627839950385	cosine	24.0	12.0	15.0	0.4468130599727681	0.001110797488048831
-0.6386045433485724	cosine	24.0	0.0	21.0	0.24034543548105186	0.04994280222373064
0.49379632944785673	cosine	24.0	15.0	18.0	0.39424681762303065	0.003477203539555004
-0.030925322611022914	cosine	24.0	18.0	0.0	0.2583465585551994	0.03847661585264555
-1.0101714341950805	cosine	24.0	3.0	6.0	0.24125756564895978	0.04930266217726652
0.5697222304479888	cosine	24.0	18.0	21.0	0.15800643217507218	0.13968972354679038
2.2696831455843363	cosine	24.0	15.0	12.0	0.2365480905738184	0.052679346147498834
1.612122838002542	cosine	24.0	9.0	3.0	0.2751861251477546	0.029787333680552044
-1.1586293437870023	cosine	24.0	15.0	18.0	0.34168057527329326	0.009663826561076
-0.7587135721405741	cosine	24.0	12.0	9.0	0.34035878859600477	0.009900396537324115
1.1467803732256927	cosine	24.0	0.0	21.0	0.19597397046916537	0.08985625322931617
1.5011677607118752	cosine	24.0	9.0	15.0	0.19411635536525468	0.09193660660926267
0.11659800481509919	cosine	24.0	12.0	3.0	0.3660645863480636	0.006103836469221554
-0.6181440394816284	cosine	24.0	18.0	21.0	0.18057877962865393	0.10818374624007071
1.094764695441511	cosine	24.0	6.0	9.0	0.34650392135766916	0.008841950715020211
-0.381295578140653	cosine	24.0	9.0	6.0	0.1676631877537109	0.12552046793508637
-1.4222541888492524	cosine	24.0	15.0	6.0	0.2783741142103382	0.0283411053804827
0.6838030543450972	cosine	24.0	21.0	0.0	0.3586693421794159	0.0070353044355588755
3.2523267739984827	cosine	24.0	18.0	12.0	0.2473315627273083	0.04520531538629516
-0.4196999363074077	cosine	24.0	18.0	12.0	0.32228052112952293	0.013680195882558224
0.17994640764856126	cosine	24.0	18.0	15.0	0.0713399003317865	0.3126353844373726
-0.5318581721554186	cosine	24.0	0.0	21.0	0.10723104044539238	0.2314422767873972
0.2554025813512035	cosine	24.0	0.0	21.0	0.4252265396972456	0.0018007516288111659
-1.0282679930737169	cosine	24.0	21.0	18.0	0.51916399143238	0.00018956214755187466
-2.1620645896883395	cosine	24.0	6.0	3.0	0.24868087536123548	0.04433336645633893
0.8024660276532525	cosine	24.0	6.0	9.0	0.21237337115470045	0.07298545049751572
-1.1937674035690682	cosine	24.0	0.0	6.0	0.20824895957127373	0.07698101426976775
-1.3500273338672986	cosine	24.0	21.0	18.0	0.2633440536251203	0.03570531001355481
0.09104665995095818	cosine	24.0	9.0	12.0	0.1907505298724862	0.09579651477177781
0.14402006682083054	cosine	24.0	6.0	9.0	0.33160052689067265	0.011599478395197028
-0.23062700262053581	cosine	24.0	12.0	15.0	0.10888721629588466	0.22800182111776734
1.3876926508457472	cosine	24.0	21.0	6.0	0.21898763651213274	0.06691183000253088
-0.2927471411814319	cosine	24.0	21.0	9.0	0.2338342559366841	0.05470697449766232
-0.7916261551774825	cosine	24.0	0.0	9.0	0.3216931213361771	0.01382149916799702
0.6467899108449076	cosine	24.0	6.0	9.0	0.227276765621697	0.05986116155126607
-1.038671614285437	cosine	24.0	3.0	0.0	0.18929439766303	0.09750285144846599
-0.9262137625046025	cosine	24.0	3.0	6.0	0.3823004501821978	0.004432269204779407
-0.732433241079943	cosine	24.0	6.0	9.0	0.23472846285519525	0.05403216505640069
1.3367781174430973	cosine	24.0	9.0	6.0	0.19746997668770394	0.08820646422125328
-0.2084455862603401	cosine	24.0	18.0	21.0	0.39125402252875013	0.0036972951644364377
0.04827960974646218	cosine	24.0	0.0	3.0	0.19671770737530567	0.08903321910476264
0.37529286448836313	cosine	24.0	9.0	6.0	0.227276765621697	0.05986116155126607
-1.3274369033966449	cosine	24.0	3.0	12.0	0.34387885384212036	0.009281315096840078
0.2409661071191792	cosine	24.0	9.0	15.0	0.4330287927378758	0.001515769646493836
-1.814726818210794	cosine	24.0	9.0	12.0	0.31043713685130103	0.016782574144907064
0.5934975362222973	cosine	24.0	15.0	21.0	0.33287837565982886	0.011336791543103485
0.4053041713099274	cosine	24.0	15.0	3.0	0.3690665122217134	0.00575805764378841
0.3254341342945105	cosine	24.0	9.0	6.0	0.3017937379566796	0.019410252116110444
0.8689765005620004	cosine	24.0	9.0	6.0	0.33160052689067265	0.011599478395197028
0.008513253076791806	cosine	24.0	3.0	0.0	0.26352749478578685	0.03560678181850737
-0.2351588441082763	cosine	24.0	0.0	21.0	0.21815970297510862	0.06764995867882109
0.8497839011353474	cosine	24.0	9.0	12.0	0.35531961446835664	0.007497010747590814
-1.4829554597054555	cosine	24.0	21.0	18.0	0.3235369801680049	0.01338212467957003
-0.8062555776842925	cosine	24.0	21.0	18.0	0.17305466381079335	0.11806115286078062
0.8936069006444719	cosine	24.0	21.0	6.0	0.2264109462244084	0.060569228522496806
0.506309801362753	cosine	24.0	12.0	9.0	0.22815259455336584	0.059151522051165605
1.2130327271195847	cosine	24.0	21.0	0.0	0.14420726128863112	0.16176125330350544
0.192326031034187	cosine	24.0	0.0	3.0	0.2783741142103382	0.0283411053804827
-0.5975673586512047	cosine	24.0	18.0	12.0	0.1873723960055366	0.09978909481037329
-0.13048387384092466	cosine	24.0	0.0	3.0	0.2338342559366841	0.05470697449766232
0.12032991563417048	cosine	24.0	18.0	21.0	0.23324759035367798	0.05515330692798147
-1.082672240140815	cosine	24.0	3.0	0.0	0.2561041850735112	0.03977585423405737
-0.48223764049647655	cosine	24.0	15.0	18.0	0.2365480905738184	0.052679346147498834
0.2332671174630034	cosine	24.0	21.0	18.0	0.28591640107870203	0.025150935058516143
-0.677797683029305	cosine	24.0	12.0	21.0	0.27198694902268655	0.031299660183120276
0.3568787423617791	cosine	24.0	15.0	9.0	0.25384446470840993	0.04112100111304758
1.3337012755910016	cosine	24.0	12.0	9.0	0.14586805225543062	0.15899064436178167
-0.27966779750556175	cosine	24.0	15.0	12.0	0.3116427225020147	0.016441424648025
-0.4214740691185933	cosine	24.0	9.0	6.0	0.17511488498720915	0.11529525052334588
-0.47658232915951165	cosine	24.0	15.0	12.0	0.36420896485175214	0.006326666384439039
0.866479077823679	cosine	24.0	21.0	18.0	0.2558199378072597	0.039943065844359166
0.16398576964328934	cosine	24.0	15.0	12.0	0.1914913114169006	0.09493692298572759
-1.7785688066402565	cosine	24.0	6.0	3.0	0.45653354730495466	0.0008877098963792871
1.1988900591976168	cosine	24.0	18.0	21.0	0.37620579089302897	0.005004611630800322
-0.06263716917843364	cosine	24.0	21.0	18.0	0.3235369801680049	0.01338212467957003
-1.0239833498765039	cosine	24.0	21.0	0.0	0.28471690049293835	0.0256371939762934
0.4299281411373528	cosine	24.0	12.0	15.0	0.18398184822408098	0.10391722445107726
0.15773804197932606	cosine	24.0	6.0	3.0	0.15960115881392725	0.1372777177333498
-0.8568996844870994	cosine	24.0	21.0	3.0	0.33215986099954203	0.011483852877009561
-1.9733409299954876	cosine	24.0	9.0	6.0	0.1453080960532161	0.15992129427517754
0.6386414285910399	cosine	24.0	18.0	15.0	0.2816048697307362	0.026935575910470858
0.7567205867649268	cosine	24.0	21.0	18.0	0.14295820053935102	0.16386560074610457
0.6045774485191098	cosine	24.0	12.0	15.0	0.17647238503126134	0.1134981303078686
0.290919843927182	cosine	24.0	9.0	21.0	0.1818710879507543	0.10654892958100276
-2.771947339447651	cosine	24.0	9.0	12.0	0.33287837565982886	0.011336791543103485
0.3498882795755018	cosine	24.0	12.0	9.0	0.28799589804277326	0.02432625829671131
-0.36928860540692515	cosine	24.0	18.0	6.0	0.3778710908032291	0.004842027648163876
-1.7575750525321068	cosine	24.0	21.0	18.0	0.21819935871795682	0.06761446149507122
-0.9675831698606744	cosine	24.0	6.0	0.0	0.3123734393569106	0.016237554289091953
0.29420386071500887	cosine	24.0	18.0	21.0	0.18057877962865393	0.10818374624007071
-0.05307784111357631	cosine	24.0	0.0	9.0	0.3734598305167114	0.005283338852544909
0.21733262239896534	cosine	24.0	21.0	0.0	0.39564556302265463	0.003378433371147737
-0.1660179648065065	cosine	24.0	18.0	21.0	0.27086816944298087	0.031843296004397496
-0.6943018466871705	cosine	24.0	12.0	18.0	0.2698162502479727	0.03236153477515324
-0.2992700507788602	cosine	24.0	21.0	18.0	0.2257234745358174	0.061136095767155875
0.4221352556597418	cosine	24.0	6.0	3.0	0.15217784910165155	0.14874946071331063
0.09651485570765479	cosine	24.0	9.0	3.0	0.37187314209156025	0.005450614642997061
3.01220972963796	cosine	24.0	18.0	12.0	0.3372703128099659	0.010472966073771602
0.8424006515914715	cosine	24.0	0.0	9.0	0.3142978771675294	0.015710968084713377
-0.13303079970540033	cosine	24.0	15.0	18.0	0.1914913114169006	0.09493692298572759
-1.9681500762535882	cosine	24.0	0.0	6.0	0.37187314209156025	0.005450614642997061
-0.6160486212644726	cosine	24.0	0.0	15.0	0.3586693421794159	0.0070353044355588755
2.3856205738871723	cosine	24.0	9.0	12.0	0.18327011693631026	0.10479929422810885
-0.28163605873138503	cosine	24.0	9.0	12.0	0.3253979627236529	0.012950952528887621
0.7784637223450175	cosine	24.0	18.0	21.0	0.12038585308576928	0.20492337091312107
-0.029732565791278774	cosine	24.0	18.0	9.0	0.32291397248399234	0.01352921307913464
1.145147826153482	cosine	24.0	21.0	0.0	0.18118348213186988	0.10741654185240362
-1.9774762779262745	cosine	24.0	6.0	0.0	0.4908725475608595	0.00038897829697491
1.877652366791274	cosine	24.0	12.0	3.0	0.18118348213186988	0.10741654185240362
0.60229649928117	cosine	24.0	12.0	9.0	0.19823094280866213	0.08737598727842949
1.1460275135818274	cosine	24.0	9.0	0.0	0.35127409801076814	0.008090044838256295
-1.5367616972298859	cosine	24.0	9.0	6.0	0.28689034348968306	0.024761821716796587
-3.160678819201325	cosine	24.0	6.0	0.0	0.20081149672944254	0.08460315962917975
-1.1708334561188598	cosine	24.0	15.0	18.0	0.2365480905738184	0.052679346147498834
-2.411877154652174	cosine	24.0	18.0	21.0	0.3686816750751684	0.00580139155636977
-1.8297165935799624	cosine	24.0	9.0	12.0	0.15334846519160655	0.14689908245619482
-0.5888386830336538	cosine	24.0	21.0	15.0	0.2730350721704214	0.03079734328122759
-1.743358266911725	cosine	24.0	6.0	15.0	0.32291397248399234	0.01352921307913464
0.13774993643597858	cosine	24.0	6.0	3.0	0.32291397248399234	0.01352921307913464
0.32203379593867415	cosine	24.0	6.0	0.0	0.2826235879895858	0.026504638918733395
-0.7889161156291054	cosine	24.0	15.0	18.0	0.15394399545280243	0.1459636853800239
-1.2510578525149985	cosine	24.0	12.0	15.0	0.386737354430211	0.004053152147956198
1.590978226715975	cosine	24.0	3.0	0.0	0.39714706960674917	0.0032752197042900965
0.8292641364656712	cosine	24.0	6.0	0.0	0.20081149672944254	0.08460315962917975
0.15993573119872684	cosine	24.0	0.0	3.0	0.3377605919085437	0.010380190257282039
0.4622516401023311	cosine	24.0	6.0	9.0	0.19746997668770394	0.08820646422125328
0.1497976503581665	cosine	24.0	0.0	3.0	0.2783741142103382	0.0283411053804827
0.10708395825487838	cosine	24.0	9.0	0.0	0.3734598305167114	0.005283338852544909
0.7316955103828753	cosine	24.0	6.0	0.0	0.24543627378042976	0.04645332880937976
-0.47009251085608456	cosine	24.0	9.0	6.0	0.40611749922565527	0.002715547870623878
1.0720157874050518	cosine	24.0	18.0	21.0	0.2257234745358174	0.061136095767155875
-0.2598495565590078	cosine	24.0	0.0	21.0	0.3808550746853591	0.004562440916140081
0.045863369170253805	cosine	24.0	12.0	9.0	0.20571135574483804	0.0795206783939611
-1.6785327993088248	cosine	24.0	12.0	9.0	0.2655546592342455	0.03453273942337478
0.5802366912396064	cosine	24.0	12.0	9.0	0.2954763109789492	0.021545066942792488
0.28328738301045886	cosine	24.0	0.0	21.0	0.3069026329988816	0.017817847893956983
-0.03307347587173503	cosine	24.0	0.0	21.0	0.1885787263005176	0.09834961988888624
1.104526836471586	cosine	24.0	21.0	18.0	0.3385852118037261	0.01022576234529446
0.045537810599952336	cosine	24.0	18.0	0.0	0.3469225214884106	0.008773600268086433
0.0023697966432198567	cosine	24.0	18.0	3.0	0.2551359238183474	0.04034778682105685
0.8282130931364711	cosine	24.0	12.0	3.0	0.1589977496259266	0.13818700065494172
1.1856964479161036	cosine	24.0	21.0	18.0	0.3235369801680049	0.01338212467957003
-0.0821567458017636	cosine	24.0	15.0	12.0	0.3341711120804736	0.011076319946854101
-0.05351343654504672	cosine	24.0	0.0	9.0	0.3142978771675294	0.015710968084713377
0.7921416268696997	cosine	24.0	6.0	9.0	0.36885901305816393	0.005781386903632934
-0.7699115059799299	cosine	24.0	6.0	9.0	0.25708355455569004	0.03920408275739036
-0.7891802580596377	cosine	24.0	6.0	9.0	0.39121410475865875	0.003700313337904557
2.494601030059445	cosine	24.0	3.0	6.0	0.24125756564895978	0.04930266217726652
-0.6538677375247672	cosine	24.0	21.0	18.0	0.30848874853228375	0.01734671524348048
0.08637527735478896	cosine	24.0	3.0	12.0	0.28471690049293835	0.0256371939762934
-0.6160377954042915	cosine	24.0	12.0	21.0	0.24963185732219176	0.04372700742698232
0.8792098867318412	cosine	24.0	12.0	9.0	0.3029567239151251	0.019037505968002938
0.015601212603081267	cosine	24.0	12.0	15.0	0.16896292183844172	0.12369283503412826
-1.2782889906704658	cosine	24.0	15.0	18.0	0.22903862738099875	0.05844034568396187
0.03824602648002912	cosine	24.0	21.0	18.0	0.17305466381079335	0.11806115286078062
-0.11097543797123695	cosine	24.0	6.0	9.0	0.10804960988572479	0.22973821551490692
-0.9775393521840203	cosine	24.0	18.0	15.0	0.2891143329235558	0.023892184636934675
1.504394432982926	cosine	24.0	3.0	0.0	0.4416869278804033	0.0012481261625825624
-0.1062593863085936	cosine	24.0	18.0	9.0	0.17444777823847862	0.11618577088949705
-1.8008798123067102	cosine	24.0	0.0	3.0	0.2709508044980625	0.03180287707901677
-0.11988162231108274	cosine	24.0	12.0	6.0	0.16425230069367702	0.1304060561266036
1.1675762280718642	cosine	24.0	18.0	15.0	0.3792278912373914	0.004713061061363689
-1.5016946272350762	cosine	24.0	9.0	18.0	0.2709508044980625	0.03180287707901677
1.0076682836914377	cosine	24.0	9.0	12.0	0.18327011693631026	0.10479929422810885
-1.2619137417315254	cosine	24.0	3.0	21.0	0.21405857708859377	0.07139933215686703
-2.2856659842042255	cosine	24.0	12.0	3.0	0.4695980047091321	0.0006525066655595678
-0.7151078612963787	cosine	24.0	21.0	0.0	0.14420726128863112	0.16176125330350544
0.5934371349130064	cosine	24.0	6.0	0.0	0.32724836504057303	0.012534194594043507
-0.6830296667563468	cosine	24.0	18.0	15.0	0.2140197009953595	0.07143562183788349
-1.2832605452985026	cosine	24.0	0.0	21.0	0.1885787263005176	0.09834961988888624
-1.228871216899824	cosine	24.0	9.0	6.0	0.17511488498720915	0.11529525052334588
0.22185905789486168	cosine	24.0	0.0	21.0	0.20336921463781313	0.08192052243423542
-1.1475746066378478	cosine	24.0	18.0	0.0	0.23620256782189655	0.052934139906380795
-0.9528234155350106	cosine	24.0	0.0	21.0	0.28471690049293835	0.0256371939762934
-0.19384551195401165	cosine	24.0	3.0	6.0	0.330337282196268	0.011864341762666228
-0.6782444957202699	cosine	24.0	9.0	6.0	0.24963185732219176	0.04372700742698232
-1.1980908644954975	cosine	24.0	3.0	15.0	0.19191458635529096	0.09444831922890234
0.27809744656155866	cosine	24.0	21.0	18.0	0.28591640107870203	0.025150935058516143
-0.04282251944219945	cosine	24.0	6.0	12.0	0.18665034169736025	0.10065802899450232
-0.11165644070736164	cosine	24.0	18.0	15.0	0.22152916418817914	0.06468486429452701
0.13155505111187002	cosine	24.0	0.0	21.0	0.22555494714375637	0.0612756889104502
1.2112502117540809	cosine	24.0	6.0	9.0	0.28689034348968306	0.024761821716796587
0.5277208255247074	cosine	24.0	0.0	12.0	0.22882123757746228	0.05861420943696903
-0.5763658025212124	cosine	24.0	12.0	9.0	0.2580742462980696	0.03863252516949062
-0.7500963035453299	cosine	24.0	0.0	3.0	0.15960115881392725	0.1372777177333498
-0.21555291624372125	cosine	24.0	3.0	0.0	0.4045703793190249	0.002805441148677372
0.09186491033067049	cosine	24.0	15.0	12.0	0.25156701695945766	0.04251378781533029
-0.1329541091722426	cosine	24.0	21.0	18.0	0.2633440536251203	0.03570531001355481
0.6275533743331223	cosine	24.0	12.0	15.0	0.39424681762303065	0.003477203539555004
-1.106665862648577	cosine	24.0	6.0	0.0	0.4239353819843787	0.0018523572427097904
-0.020974579283725852	cosine	24.0	21.0	3.0	0.19191458635529096	0.09444831922890234
0.5792803720510855	cosine	24.0	3.0	9.0	0.2974985136732482	0.020841095044795872
-0.04769052862705092	cosine	24.0	3.0	15.0	0.19929591659972523	0.08622355226943118
0.5891209462613518	cosine	24.0	6.0	9.0	0.3539556185911674	0.0076925343627084405
-0.5046485083579823	cosine	24.0	0.0	6.0	0.32724836504057303	0.012534194594043507
0.2304404283739033	cosine	24.0	0.0	9.0	0.2773216563242906	0.02881195020498228
-0.5058825430357462	cosine	24.0	21.0	0.0	0.24034543548105186	0.04994280222373064
0.16480173683397234	cosine	24.0	3.0	6.0	0.26352749478578685	0.03560678181850737
0.103898136275226	cosine	24.0	6.0	3.0	0.21898763651213274	0.06691183000253088
-0.32704790935047584	cosine	24.0	6.0	3.0	0.4416869278804033	0.0012481261625825624
0.3607936940394748	cosine	24.0	21.0	18.0	0.2257234745358174	0.061136095767155875
0.783510611435578	cosine	24.0	12.0	21.0	0.2943420407231813	0.021948655444004782
-2.1945169500145214	cosine	24.0	12.0	15.0	0.25156701695945766	0.04251378781533029
-1.3209106237417114	cosine	24.0	12.0	9.0	0.2580742462980696	0.03863252516949062
0.28300797722166376	cosine	24.0	15.0	21.0	0.34035878859600477	0.009900396537324115
1.4220167736563367	cosine	24.0	0.0	21.0	0.33648360967347263	0.010623344634627566
0.74597910479377	cosine	24.0	0.0	3.0	0.17444777823847862	0.11618577088949705
-0.4317061506852217	cosine	24.0	9.0	6.0	0.227276765621697	0.05986116155126607
-0.7208450301111613	cosine	24.0	0.0	21.0	0.22555494714375637	0.0612756889104502
-0.4168454091893272	cosine	24.0	12.0	15.0	0.22903862738099875	0.05844034568396187
-1.159908420898387	cosine	24.0	18.0	0.0	0.32477853075510776	0.013093115992743426
1.373872448553964	cosine	24.0	9.0	6.0	0.48808616879413613	0.00041671725019706124
-0.6692010216011507	cosine	24.0	6.0	3.0	0.2264109462244084	0.060569228522496806
0.4849271590850849	cosine	24.0	18.0	15.0	0.2816048697307362	0.026935575910470858
1.0383602151306222	cosine	24.0	3.0	0.0	0.18929439766303	0.09750285144846599
-3.2538419715771854	cosine	24.0	9.0	12.0	0.2505938333618936	0.043120464095440875
-1.6433944363212234	cosine	24.0	18.0	21.0	0.31601286435014436	0.015254106285572607
-1.9936076879963809	cosine	24.0	3.0	15.0	0.40597316344388473	0.002723822944538488
0.835786599802224	cosine	24.0	0.0	3.0	0.2709508044980625	0.03180287707901677
1.2520275580535134	cosine	24.0	0.0	3.0	0.17444777823847862	0.11618577088949705
-1.8762519276236598	cosine	24.0	0.0	21.0	0.23295019131240413	0.055380662873957556
1.0223988881325765	cosine	24.0	18.0	15.0	0.14643453225998282	0.15805277010113494
-0.07500000673391138	cosine	24.0	3.0	6.0	0.18929439766303	0.09750285144846599
-0.7490136022255045	cosine	24.0	21.0	18.0	0.20315112708223565	0.08214673110717585
0.5697171070699105	cosine	24.0	12.0	15.0	0.20651023780253988	0.07871439991892487
0.773524652362804	cosine	24.0	15.0	12.0	0.24405755376663804	0.047378451921575866
-1.0815821041738312	cosine	24.0	9.0	6.0	0.3241488296571744	0.013239016787172118
-1.004630922241718	cosine	24.0	15.0	9.0	0.23144642370472673	0.05654161670725406
0.13208504727043294	cosine	24.0	18.0	15.0	0.2590764801522773	0.03806123580744964
-0.47037748604668816	cosine	24.0	6.0	3.0	0.3377605919085437	0.010380190257282039
0.6431983644082233	cosine	24.0	15.0	18.0	0.42428467039430917	0.0018382656628527076
-1.107040803082124	cosine	24.0	0.0	3.0	0.32291397248399234	0.01352921307913464
-0.15546449489461894	cosine	24.0	6.0	3.0	0.3451839016208194	0.009060553512911972
-0.27682659822257216	cosine	24.0	21.0	18.0	0.27086816944298087	0.031843296004397496
1.806435847234663	cosine	24.0	18.0	21.0	0.23324759035367798	0.05515330692798147
-0.8574012612513702	cosine	24.0	15.0	3.0	0.2952532097773707	0.02162395005989455
0.9018335778586954	cosine	24.0	3.0	6.0	0.330337282196268	0.011864341762666228
1.1731737809265277	cosine	24.0	3.0	18.0	0.3586693421794159	0.0070353044355588755
-0.4353348618704873	cosine	24.0	15.0	12.0	0.18398184822408098	0.10391722445107726
1.6360869721256122	cosine	24.0	18.0	21.0	0.28591640107870203	0.025150935058516143
1.512239929500863	cosine	24.0	18.0	21.0	0.31601286435014436	0.015254106285572607
1.4197627489144147	cosine	24.0	21.0	0.0	0.10723104044539238	0.2314422767873972
0.9699093031818643	cosine	24.0	12.0	15.0	0.326661648887654	0.01266506290239042
-0.913049387018599	cosine	24.0	9.0	3.0	0.33468582788240425	0.010974068511825539
-0.5585359459199261	cosine	24.0	3.0	6.0	0.2932207336348896	0.022353887279688553
0.2395025503631208	cosine	24.0	18.0	21.0	0.18057877962865393	0.10818374624007071
0.25232386901688525	cosine	24.0	21.0	15.0	0.23563300748954177	0.05335627493079011
-0.9135534997456042	cosine	24.0	3.0	21.0	0.3395411912439763	0.010049245916082774
-1.1732786896437504	cosine	24.0	21.0	12.0	0.34650392135766916	0.008841950715020211
-1.79001572647807	cosine	24.0	9.0	18.0	0.21898763651213274	0.06691183000253088
-0.3832221349966264	cosine	24.0	15.0	18.0	0.3041332593091951	0.01866662856252859
1.1692444983283563	cosine	24.0	21.0	18.0	0.30848874853228375	0.01734671524348048
-1.5455986584277066	cosine	24.0	3.0	12.0	0.3734598305167114	0.005283338852544909
2.5402357346353117	cosine	24.0	15.0	18.0	0.22903862738099875	0.05844034568396187
-0.03764479459922007	cosine	24.0	12.0	18.0	0.29979583360885853	0.02006507269077629
-1.3113926270657017	cosine	24.0	0.0	3.0	0.20414101708758137	0.08112374916958642
-0.9101448913198388	cosine	24.0	9.0	12.0	0.1907505298724862	0.09579651477177781
-0.5452248282614728	cosine	24.0	18.0	15.0	0.29662379611637546	0.021143176383724687
0.9684333959824343	cosine	24.0	15.0	12.0	0.4017562808158503	0.002975859456052734
-1.7156831036632187	cosine	24.0	0.0	3.0	0.2932207336348896	0.022353887279688553
0.7104566065488999	cosine	24.0	6.0	3.0	0.2338342559366841	0.05470697449766232
0.5646431678393526	cosine	24.0	6.0	3.0	0.30806735305944094	0.01747083493063007
-1.7284333700711416	cosine	24.0	0.0	6.0	0.23799881093859857	0.05162016738148153
1.7559494171624124	cosine	24.0	12.0	18.0	0.2548264585675298	0.040531983826212474
0.596596440620791	cosine	24.0	9.0	12.0	0.42264333089394	0.0019053409706262982
-0.47085239511972415	cosine	24.0	9.0	12.0	0.317917549787477	0.014760129652761701
0.6391080284664463	cosine	24.0	15.0	12.0	0.3041332593091951	0.01866662856252859
-1.0265612102123038	cosine	24.0	3.0	18.0	0.23295019131240413	0.055380662873957556
1.1057915862721626	cosine	24.0	12.0	9.0	0.2505938333618936	0.043120464095440875
0.4838372690527294	cosine	24.0	21.0	18.0	0.3009646327144232	0.019679757062280118
0.15570480649729862	cosine	24.0	15.0	0.0	0.29950738883023387	0.02016114215609676
-0.0022353900006605275	cosine	24.0	6.0	12.0	0.38823271073050936	0.003932079535862722
0.9773937154913035	cosine	24.0	3.0	21.0	0.1550079351331196	0.14430254111594104
0.10280963392827386	cosine	24.0	6.0	9.0	0.12295300435272132	0.19996727842991724
0.1691927520571734	cosine	24.0	9.0	6.0	0.36885901305816393	0.005781386903632934
0.7046552392277248	cosine	24.0	12.0	15.0	0.20651023780253988	0.07871439991892487
-1.5810000923356198	cosine	24.0	9.0	15.0	0.2687764920441988	0.03288060196554171
0.7186614165346868	cosine	24.0	18.0	0.0	0.32477853075510776	0.013093115992743426
1.082229479695469	cosine	24.0	6.0	18.0	0.24450482346091293	0.047076729066586956
0.6822657110980975	cosine	24.0	6.0	9.0	0.24963185732219176	0.04372700742698232
1.9756269365092736	cosine	24.0	9.0	6.0	0.21237337115470045	0.07298545049751572
0.2752151886692764	cosine	24.0	12.0	0.0	0.16238926537755388	0.1331294177656946
1.1176631990447667	cosine	24.0	18.0	3.0	0.3586693421794159	0.0070353044355588755
1.094931892939266	cosine	24.0	9.0	3.0	0.23056134809676734	0.057233835382467506
0.2624791990620505	cosine	24.0	0.0	3.0	0.14475453938937588	0.160844803171809
1.1941568711669983	cosine	24.0	0.0	3.0	0.2338342559366841	0.05470697449766232
1.0551386258832447	cosine	24.0	3.0	0.0	0.18929439766303	0.09750285144846599
-0.7434015372980733	cosine	24.0	21.0	18.0	0.33106109598586553	0.011711945696637922
-1.8552408960294633	cosine	24.0	6.0	9.0	0.11550130711922306	0.21455262536216446
-1.6330038871263706	cosine	24.0	3.0	0.0	0.26352749478578685	0.03560678181850737
0.03328435041611386	cosine	24.0	3.0	6.0	0.2857974239226139	0.02519881865604328
0.09544149947354898	cosine	24.0	9.0	12.0	0.1907505298724862	0.09579651477177781
-0.14833015112157621	cosine	24.0	3.0	15.0	0.4724051356437931	0.0006101492706621064
-0.4729451246168028	cosine	24.0	18.0	0.0	0.37644784246614765	0.004980681982243198
-0.8147199229599883	cosine	24.0	15.0	18.0	0.2891143329235558	0.023892184636934675
1.4999653429054873	cosine	24.0	0.0	18.0	0.21405857708859377	0.07139933215686703
0.6368739376971584	cosine	24.0	15.0	9.0	0.3509026423910373	0.008146509643390648
-0.9503793934586378	cosine	24.0	18.0	21.0	0.24829582198939915	0.044580801125198674
0.187580022502951	cosine	24.0	18.0	21.0	0.21067524290009623	0.0746108704887449
0.5925997837205488	cosine	24.0	6.0	0.0	0.33468582788240425	0.010974068511825539
1.3484204480096695	cosine	24.0	3.0	18.0	0.22555494714375637	0.0612756889104502
-1.7574495339070815	cosine	24.0	0.0	3.0	0.3674538307576464	0.00594159154192835
-1.1597508503419058	cosine	24.0	9.0	12.0	0.1907505298724862	0.09579651477177781
-0.438406004769988	cosine	24.0	6.0	9.0	0.12295300435272132	0.19996727842991724
1.8439627323284182	cosine	24.0	0.0	3.0	0.2857974239226139	0.02519881865604328
-1.1953313600203506	cosine	24.0	3.0	21.0	0.40597316344388473	0.002723822944538488
0.9963798450768356	cosine	24.0	9.0	3.0	0.22312388525493615	0.06331718635548518
0.19167634029829034	cosine	24.0	3.0	6.0	0.31549066277171667	0.015391993660926931
-0.04562331685676469	cosine	24.0	15.0	6.0	0.330337282196268	0.011864341762666228
-1.1124804778850905	cosine	24.0	15.0	9.0	0.20158236903314908	0.08378779091821886
-1.0195283620096218	cosine	24.0	21.0	18.0	0.24829582198939915	0.044580801125198674
0.26370598840672504	cosine	24.0	12.0	9.0	0.31043713685130103	0.016782574144907064
-0.3905141351740079	cosine	24.0	9.0	6.0	0.2421801600886935	0.04866185976418303
1.0356312801358722	cosine	24.0	21.0	0.0	0.2551359238183474	0.04034778682105685
-1.1122471652770005	cosine	24.0	6.0	21.0	0.19671770737530567	0.08903321910476264
-0.024293324038477022	cosine	24.0	0.0	21.0	0.3660645863480636	0.006103836469221554
-2.088567191330368	cosine	24.0	21.0	18.0	0.24829582198939915	0.044580801125198674
0.3789627178036808	cosine	24.0	9.0	12.0	0.15334846519160655	0.14689908245619482
0.9608880182421211	cosine	24.0	6.0	12.0	0.2090483827010435	0.07619384796207052
-0.04030634498692316	cosine	24.0	0.0	3.0	0.21898763651213274	0.06691183000253088
0.3762341385922315	cosine	24.0	12.0	3.0	0.3142978771675294	0.015710968084713377
-0.2946736436609641	cosine	24.0	21.0	15.0	0.42264333089394	0.0019053409706262982
0.7640689259997266	cosine	24.0	12.0	6.0	0.3583686560589317	0.007075698844899728
-0.7969858834304216	cosine	24.0	6.0	0.0	0.1710616453621177	0.12078118127288895
0.20911631983633383	cosine	24.0	6.0	15.0	0.3897237598944735	0.0038145915220834077
1.3678778670458953	cosine	24.0	9.0	3.0	0.3123734393569106	0.016237554289091953
-0.14302223313759033	cosine	24.0	9.0	21.0	0.2561041850735112	0.03977585423405737
0.3028315610670647	cosine	24.0	15.0	18.0	0.34168057527329326	0.009663826561076
-0.23419738313413616	cosine	24.0	12.0	0.0	0.30263454002180495	0.019140153805216078
-0.7922172499988147	cosine	24.0	12.0	18.0	0.26232135440775123	0.03625871568011357
0.8940282715969038	cosine	24.0	9.0	12.0	0.22815259455336584	0.059151522051165605
0.9430224946912619	cosine	24.0	0.0	21.0	0.2625311679869951	0.03614461188618968
-0.4350319684284504	cosine	24.0	18.0	6.0	0.2222771122371936	0.06404057269546252
1.2430765861550874	cosine	24.0	15.0	9.0	0.1343882460220994	0.17878012069770977
0.1234052451111276	cosine	24.0	6.0	0.0	0.37187314209156025	0.005450614642997061
1.1377327497197405	cosine	24.0	9.0	12.0	0.33287837565982886	0.011336791543103485
1.4880992094681131	cosine	24.0	3.0	9.0	0.19337403388761132	0.0927778374767943
-0.3627527983033373	cosine	24.0	15.0	0.0	0.2699264121556429	0.03230693818080994
-2.424899218378237	cosine	24.0	0.0	18.0	0.33215986099954203	0.011483852877009561
-2.4177000172112373	cosine	24.0	18.0	21.0	0.33106109598586553	0.011711945696637922
0.7752596826467839	cosine	24.0	15.0	18.0	0.3041332593091951	0.01866662856252859
-0.31021239346464796	cosine	24.0	9.0	12.0	0.2505938333618936	0.043120464095440875
-0.21132941873887717	cosine	24.0	6.0	9.0	0.3614073158246657	0.006676747380572879
-0.5319874466464198	cosine	24.0	9.0	12.0	0.2655546592342455	0.03453273942337478
-1.3655167130899832	cosine	24.0	15.0	9.0	0.23144642370472673	0.05654161670725406
0.28738876901391647	cosine	24.0	18.0	21.0	0.17305466381079335	0.11806115286078062
-0.66613163742709	cosine	24.0	21.0	0.0	0.3069026329988816	0.017817847893956983
0.2956714591809615	cosine	24.0	0.0	3.0	0.17444777823847862	0.11618577088949705
-2.08392010359955	cosine	24.0	21.0	18.0	0.33106109598586553	0.011711945696637922
0.3076922216313458	cosine	24.0	15.0	6.0	0.37487714046992215	0.0051377970621272195
1.9815723513307473	cosine	24.0	21.0	0.0	0.22555494714375637	0.0612756889104502
-0.3137781866549018	cosine	24.0	15.0	6.0	0.21898763651213274	0.06691183000253088
-1.548638764087556	cosine	24.0	3.0	0.0	0.1818710879507543	0.10654892958100276
0.631037372791005	cosine	24.0	18.0	0.0	0.19929591659972523	0.08622355226943118
-1.3339797946288494	cosine	24.0	18.0	9.0	0.36003052104537075	0.00685497779106477
-0.05186178823543143	cosine	24.0	9.0	12.0	0.28799589804277326	0.02432625829671131
-1.6757230024140684	cosine	24.0	18.0	15.0	0.13892506906716318	0.17078109313035117
-1.4986540424300996	cosine	24.0	6.0	3.0	0.24868087536123548	0.04433336645633893
0.7760177717358109	cosine	24.0	0.0	3.0	0.17444777823847862	0.11618577088949705
1.5312524919702746	cosine	24.0	21.0	6.0	0.2709508044980625	0.03180287707901677
-0.49619187473460047	cosine	24.0	6.0	9.0	0.2645352517891883	0.03506947273840929
-1.63037465224046	cosine	24.0	0.0	21.0	0.19597397046916537	0.08985625322931617
-0.5155307510991933	cosine	24.0	21.0	0.0	0.24034543548105186	0.04994280222373064
-0.7271248526522287	cosine	24.0	3.0	21.0	0.19929591659972523	0.08622355226943118
-1.7742504961631347	cosine	24.0	15.0	0.0	0.4178312955285979	0.0021150055896341437
-0.06696953272932646	cosine	24.0	0.0	21.0	0.15160250545727888	0.14966458474778954
1.0377499406429649	cosine	24.0	0.0	21.0	0.12941677295133563	0.18781168020979827
1.995290600251272	cosine	24.0	15.0	21.0	0.2655546592342455	0.03453273942337478
-0.662118262961522	cosine	24.0	12.0	15.0	0.27409540653791653	0.03029598352690821
0.44197627496477393	cosine	24.0	3.0	6.0	0.2338342559366841	0.05470697449766232
-0.7737142620262962	cosine	24.0	9.0	12.0	0.22815259455336584	0.059151522051165605
-0.45278782552305485	cosine	24.0	21.0	18.0	0.28591640107870203	0.025150935058516143
1.0198678246698454	cosine	24.0	15.0	0.0	0.14420726128863112	0.16176125330350544
1.5521647590420957	cosine	24.0	0.0	21.0	0.18118348213186988	0.10741654185240362
0.2321809181330054	cosine	24.0	6.0	9.0	0.16021149052021263	0.13636216882002333
0.8709180700420681	cosine	24.0	15.0	12.0	0.24405755376663804	0.047378451921575866
-1.1371509044562385	cosine	24.0	0.0	9.0	0.17378823796322213	0.11707097859576515
-1.1779780140406426	cosine	24.0	0.0	3.0	0.19671770737530567	0.08903321910476264
-1.947846613757769	cosine	24.0	21.0	18.0	0.45897106488949535	0.0008386383187578833
0.2248017352329893	cosine	24.0	15.0	21.0	0.2954763109789492	0.021545066942792488
-1.0722782984402006	cosine	24.0	21.0	18.0	0.13543408472149043	0.17691556091276012
0.292584295655491	cosine	24.0	12.0	9.0	0.1608288781277825	0.13544029453589856
0.9143077358758525	cosine	24.0	15.0	0.0	0.24774067964969962	0.04493949144849353
-0.3985171229874168	cosine	24.0	12.0	15.0	0.31915218569483433	0.014447331991700058
0.5230007614664027	cosine	24.0	0.0	3.0	0.2932207336348896	0.022353887279688553
-0.45917679759246766	cosine	24.0	12.0	9.0	0.4301237438301159	0.0016166864665646073
-0.10536651408381542	cosine	24.0	9.0	12.0	0.3852412662130603	0.004177612898480811
0.3930918848661684	cosine	24.0	18.0	15.0	0.22903862738099875	0.05844034568396187
-1.596892175688812	cosine	24.0	15.0	12.0	0.24405755376663804	0.047378451921575866
-0.7626845916439263	cosine	24.0	6.0	3.0	0.2857974239226139	0.02519881865604328
0.5277853759503046	cosine	24.0	12.0	6.0	0.291174533047882	0.023109639719022
1.192798129030179	cosine	24.0	21.0	18.0	0.31601286435014436	0.015254106285572607
0.18329729460079347	cosine	24.0	6.0	21.0	0.5307666444277115	0.00013972728358702655
-1.6977568732854451	cosine	24.0	6.0	9.0	0.23472846285519525	0.05403216505640069
-0.5103843356316778	cosine	24.0	12.0	9.0	0.20571135574483804	0.0795206783939611
1.453467750686977	cosine	24.0	18.0	15.0	0.31915218569483433	0.014447331991700058
0.9440549102082039	cosine	24.0	0.0	18.0	0.23620256782189655	0.052934139906380795
-1.1694385736176276	cosine	24.0	15.0	18.0	0.4017562808158503	0.002975859456052734
-0.4087668626201758	cosine	24.0	15.0	18.0	0.469341449551227	0.0006565102309762688
0.8189468057598276	cosine	24.0	12.0	15.0	0.34168057527329326	0.009663826561076
-0.08453790642630975	cosine	24.0	3.0	15.0	0.413354493688319	0.00232862927072122
0.12305102275516899	cosine	24.0	9.0	12.0	0.28799589804277326	0.02432625829671131
0.09142817808104717	cosine	24.0	6.0	3.0	0.21898763651213274	0.06691183000253088
-0.33329127077016457	cosine	24.0	9.0	3.0	0.26774866230592337	0.033400440030095055
-0.16546398231002127	cosine	24.0	3.0	9.0	0.16362418252028652	0.1313198924872857
-0.11050485031368695	cosine	24.0	3.0	6.0	0.36003052104537075	0.00685497779106477
-0.5103219626738449	cosine	24.0	3.0	6.0	0.30064404334716527	0.019784814684414773
1.2554982124020437	cosine	24.0	18.0	12.0	0.38223968785129464	0.004437673986452457
0.8835634682877357	cosine	24.0	21.0	15.0	0.2655546592342455	0.03453273942337478
-0.5439343097106656	cosine	24.0	3.0	0.0	0.2264109462244084	0.060569228522496806
-0.8092171064523743	cosine	24.0	21.0	0.0	0.1885787263005176	0.09834961988888624
-0.1633636795098292	cosine	24.0	3.0	0.0	0.2932207336348896	0.022353887279688553
-1.5670657474628624	cosine	24.0	15.0	18.0	0.24405755376663804	0.047378451921575866
-0.10297307023455156	cosine	24.0	18.0	0.0	0.26572788879963366	0.03444220575113408
-0.25907044052045936	cosine	24.0	9.0	12.0	0.43760415676629183	0.0013684291595957054
0.8838277511863786	cosine	24.0	12.0	3.0	0.21815970297510862	0.06764995867882109
-1.217160393117819	cosine	24.0	0.0	21.0	0.3734598305167114	0.005283338852544909
1.1552753526971025	cosine	24.0	0.0	21.0	0.24034543548105186	0.04994280222373064
0.7727823207375151	cosine	24.0	18.0	21.0	0.28591640107870203	0.025150935058516143
1.3511579801919538	cosine	24.0	9.0	12.0	0.24311342042571768	0.04802044059311893
0.5515312131303685	cosine	24.0	9.0	18.0	0.08536806169117038	0.27946517588573627
-0.1644834137594451	cosine	24.0	6.0	3.0	0.17444777823847862	0.11618577088949705
-0.857504151356155	cosine	24.0	18.0	21.0	0.24077170617153856	0.0496428218829794
0.7989208067596849	cosine	24.0	9.0	12.0	0.12342681344690283	0.19906049418466365
-0.8081292687994139	cosine	24.0	9.0	3.0	0.23799881093859857	0.05162016738148153
-0.08708972544428831	cosine	24.0	21.0	18.0	0.30848874853228375	0.01734671524348048
1.2235544789888564	cosine	24.0	0.0	3.0	0.2264109462244084	0.060569228522496806
0.8624934456569833	cosine	24.0	15.0	12.0	0.386737354430211	0.004053152147956198
-2.0587898698570304	cosine	24.0	6.0	9.0	0.2421801600886935	0.04866185976418303
-0.18384227932848465	cosine	24.0	3.0	12.0	0.34387885384212036	0.009281315096840078
0.3343982192299323	cosine	24.0	12.0	15.0	0.2590764801522773	0.03806123580744964
1.0768326949148372	cosine	24.0	0.0	21.0	0.24774067964969962	0.04493949144849353
0.5549650921397813	cosine	24.0	6.0	3.0	0.16702446852620292	0.12642548136726045
-0.30021839981440046	cosine	24.0	3.0	0.0	0.19671770737530567	0.08903321910476264
-0.8303260438707504	cosine	24.0	12.0	15.0	0.3041332593091951	0.01866662856252859
0.5777697110335154	cosine	24.0	18.0	15.0	0.24405755376663804	0.047378451921575866
-0.15563100784036907	cosine	24.0	6.0	21.0	0.21156432679985704	0.0737564416596048
0.3047867110380015	cosine	24.0	0.0	3.0	0.16702446852620292	0.12642548136726045
0.023182981166883353	cosine	24.0	3.0	0.0	0.26352749478578685	0.03560678181850737
0.4606148401254208	cosine	24.0	15.0	9.0	0.2090483827010435	0.07619384796207052
0.02952122737645223	cosine	24.0	12.0	15.0	0.22903862738099875	0.05844034568396187
-0.11974210038256856	cosine	24.0	9.0	6.0	0.23472846285519525	0.05403216505640069
-0.5569656935092472	cosine	24.0	12.0	9.0	0.2655546592342455	0.03453273942337478
0.1369748833687017	cosine	24.0	21.0	18.0	0.3837299067108896	0.004306804500442138
-1.0945676450644584	cosine	24.0	21.0	0.0	0.2699264121556429	0.03230693818080994
1.4441426402412263	cosine	24.0	9.0	15.0	0.19411635536525468	0.09193660660926267
0.38997188859377885	cosine	24.0	15.0	9.0	0.17918432802946585	0.10996794592401771
0.339462166982816	cosine	24.0	18.0	15.0	0.2140197009953595	0.07143562183788349
-1.8877268280777906	cosine	24.0	0.0	15.0	0.24034543548105186	0.04994280222373064
0.07189858402998363	cosine	24.0	6.0	3.0	0.24125756564895978	0.04930266217726652
0.8023859470589586	cosine	24.0	21.0	0.0	0.19597397046916537	0.08985625322931617
-2.254137646585894	cosine	24.0	6.0	9.0	0.15275979328671438	0.14782765030387718
-0.3042094936220403	cosine	24.0	0.0	6.0	0.1710616453621177	0.12078118127288895
-0.8962703587997563	cosine	24.0	9.0	12.0	0.2505938333618936	0.043120464095440875
-0.1809206501685747	cosine	24.0	21.0	18.0	0.13543408472149043	0.17691556091276012
0.47079637343497055	cosine	24.0	18.0	21.0	0.2558199378072597	0.039943065844359166
-2.0476880845388683	cosine	24.0	0.0	15.0	0.38825031885400685	0.003930673389220724
-0.16528590228890014	cosine	24.0	12.0	15.0	0.18398184822408098	0.10391722445107726
0.4624560745518818	cosine	24.0	3.0	15.0	0.22143990733302804	0.06476208627439409
-1.0246429683070952	cosine	24.0	3.0	6.0	0.15960115881392725	0.1372777177333498
-0.21757924222050032	cosine	24.0	15.0	12.0	0.34168057527329326	0.009663826561076
0.6042898028718282	cosine	24.0	3.0	9.0	0.18593657104578012	0.10152240598303947
0.6000138601920837	cosine	24.0	9.0	6.0	0.227276765621697	0.05986116155126607
0.4838855676292126	cosine	24.0	15.0	18.0	0.2140197009953595	0.07143562183788349
-0.5461600319031769	cosine	24.0	3.0	0.0	0.20414101708758137	0.08112374916958642
-0.7840888234984821	cosine	24.0	12.0	9.0	0.40768250502158815	0.0026272690356907743
-1.1293623933999433	cosine	24.0	0.0	3.0	0.2857974239226139	0.02519881865604328
0.053423537368911686	cosine	24.0	0.0	3.0	0.17444777823847862	0.11618577088949705
0.5042072347139496	cosine	24.0	12.0	0.0	0.26572788879963366	0.03444220575113408
0.22675940349144172	cosine	24.0	0.0	6.0	0.252873736622261	0.041710063911116285
0.5411237792757948	cosine	24.0	9.0	6.0	0.23472846285519525	0.05403216505640069
-0.21423061334890647	cosine	24.0	15.0	18.0	0.17647238503126134	0.1134981303078686
-0.7221491505126877	cosine	24.0	18.0	12.0	0.2548264585675298	0.040531983826212474
-0.31981853960440576	cosine	24.0	18.0	21.0	0.29344051689656264	0.02227396573589996
-0.09777456330683688	cosine	24.0	0.0	18.0	0.3173972005106735	0.014893695995628085
1.4460135862433574	cosine	24.0	15.0	12.0	0.386737354430211	0.004053152147956198
1.827295323685972	cosine	24.0	21.0	3.0	0.26572788879963366	0.03444220575113408
-0.46831569795956646	cosine	24.0	12.0	9.0	0.3029567239151251	0.019037505968002938
0.8831104955609916	cosine	24.0	0.0	12.0	0.16977059562198815	0.12256654833167985
1.1949716361203213	cosine	24.0	9.0	12.0	0.24311342042571768	0.04802044059311893
-0.14277943591247486	cosine	24.0	15.0	21.0	0.22815259455336584	0.059151522051165605
-1.4840164806286045	cosine	24.0	18.0	21.0	0.24829582198939915	0.044580801125198674
-0.3034350467223596	cosine	24.0	3.0	9.0	0.20824895957127373	0.07698101426976775
-1.6904591700166949	cosine	24.0	18.0	21.0	0.24077170617153856	0.0496428218829794
-1.1826628790858134	cosine	24.0	15.0	12.0	0.19900077460972024	0.08654178804169727
-0.4757041962324414	cosine	24.0	21.0	0.0	0.19597397046916537	0.08985625322931617
0.6549728212582395	cosine	24.0	9.0	3.0	0.39418553061705386	0.003481589939211225
1.280801902139523	cosine	24.0	3.0	18.0	0.39564556302265463	0.003378433371147737
0.15157947115136772	cosine	24.0	18.0	12.0	0.3372703128099659	0.010472966073771602
-1.2086764220967057	cosine	24.0	3.0	6.0	0.2709508044980625	0.03180287707901677
2.4122458286324937	cosine	24.0	12.0	21.0	0.4955378660276344	0.0003463406188387727
-1.200638728910172	cosine	24.0	6.0	12.0	0.3583686560589317	0.007075698844899728
-0.48783097757726845	cosine	24.0	15.0	18.0	0.31915218569483433	0.014447331991700058
1.4031034939897498	cosine	24.0	3.0	6.0	0.41941699874357624	0.0020437099756060832
-0.5002446931603973	cosine	24.0	3.0	0.0	0.30064404334716527	0.019784814684414773
1.1795316340557762	cosine	24.0	0.0	21.0	0.1589977496259266	0.13818700065494172
0.21804516648944564	cosine	24.0	15.0	12.0	0.41677520720148953	0.002163732623355074
0.05349465893723738	cosine	24.0	15.0	9.0	0.5002229157489255	0.00030792783293499305
0.16166176288500558	cosine	24.0	3.0	0.0	0.24868087536123548	0.04433336645633893
-0.6311901313582409	cosine	24.0	3.0	6.0	0.31549066277171667	0.015391993660926931
0.5843413216983607	cosine	24.0	0.0	12.0	0.37644784246614765	0.004980681982243198
1.1132271800878866	cosine	24.0	9.0	12.0	0.1683092910639584	0.12460960164846763
-0.0334199112015411	cosine	24.0	12.0	9.0	0.21319176868101397	0.07221183733783956
0.7650822754240324	cosine	24.0	15.0	9.0	0.3733006833947205	0.005299908342446223
0.17662179413969675	cosine	24.0	12.0	15.0	0.24405755376663804	0.047378451921575866
0.43195622823840896	cosine	24.0	9.0	0.0	0.1589977496259266	0.13818700065494172
-0.48512314317806926	cosine	24.0	15.0	3.0	0.16977059562198815	0.12256654833167985
-0.5931252722445294	cosine	24.0	9.0	18.0	0.3823004501821978	0.004432269204779407
0.836017225031905	cosine	24.0	18.0	21.0	0.18057877962865393	0.10818374624007071
1.0268711242378956	cosine	24.0	15.0	18.0	0.25156701695945766	0.04251378781533029
-0.007909988504232923	cosine	24.0	12.0	9.0	0.2580742462980696	0.03863252516949062
-0.9896680682486361	cosine	24.0	15.0	12.0	0.16145345864562208	0.13451203512311516
2.5298438352612473	cosine	24.0	15.0	18.0	0.3566995016589325	0.007303677061155208
0.8239390882035138	cosine	24.0	15.0	3.0	0.4797864658882274	0.0005105902815141257
-2.476842714251755	cosine	24.0	0.0	21.0	0.18118348213186988	0.10741654185240362
1.2334392485669043	cosine	24.0	21.0	18.0	0.39877813834661074	0.003166321156986693
0.813091054670115	cosine	24.0	6.0	9.0	0.23472846285519525	0.05403216505640069
0.25001391133219897	cosine	24.0	3.0	6.0	0.330337282196268	0.011864341762666228
-0.4441007967784397	cosine	24.0	0.0	21.0	0.44741227220318885	0.0010956827098778873
0.47664077833329055	cosine	24.0	3.0	6.0	0.2709508044980625	0.03180287707901677
-0.11959309750060636	cosine	24.0	12.0	3.0	0.20336921463781313	0.08192052243423542
-1.7334847171541714	cosine	24.0	6.0	9.0	0.11550130711922306	0.21455262536216446
-1.0915626810746886	cosine	24.0	18.0	15.0	0.25156701695945766	0.04251378781533029
-0.9177935667765768	cosine	24.0	15.0	9.0	0.30610656038367084	0.018058395440036235
-0.42993462626063383	cosine	24.0	0.0	6.0	0.21568642241310496	0.06989245255810622
0.054588879970128554	cosine	24.0	6.0	9.0	0.24963185732219176	0.04372700742698232
-0.2939584321232932	cosine	24.0	9.0	6.0	0.36885901305816393	0.005781386903632934
-1.868556382725454	cosine	24.0	0.0	15.0	0.2625311679869951	0.03614461188618968
-1.6340634816902855	cosine	24.0	6.0	3.0	0.4416869278804033	0.0012481261625825624
0.550367205660364	cosine	24.0	9.0	6.0	0.3241488296571744	0.013239016787172118
-0.9976096150815247	cosine	24.0	3.0	6.0	0.1299079199648245	0.18690708075242085
0.7390678422787228	cosine	24.0	9.0	3.0	0.2751861251477546	0.029787333680552044
1.9310968508818342	cosine	24.0	3.0	9.0	0.252873736622261	0.041710063911116285
1.0598416037998977	cosine	24.0	21.0	0.0	0.24034543548105186	0.04994280222373064
1.3287481281138196	cosine	24.0	9.0	12.0	0.17578970400013433	0.11439938205227845
-1.7848591940929799	cosine	24.0	3.0	0.0	0.2561041850735112	0.03977585423405737
-1.0330963467072736	cosine	24.0	12.0	9.0	0.2954763109789492	0.021545066942792488
-2.1042368216826395	cosine	24.0	12.0	9.0	0.1907505298724862	0.09579651477177781
3.595104327843889	cosine	24.0	18.0	15.0	0.2816048697307362	0.026935575910470858
-0.29678924141018115	cosine	24.0	18.0	15.0	0.34919003846611285	0.0084113441669734
1.4272484565629024	cosine	24.0	3.0	18.0	0.19597397046916537	0.08985625322931617
-1.7352863042719677	cosine	24.0	9.0	0.0	0.4326217838658934	0.0015295535381500524
1.5583277520567227	cosine	24.0	0.0	3.0	0.15960115881392725	0.1372777177333498
0.8219570221364675	cosine	24.0	0.0	21.0	0.20336921463781313	0.08192052243423542
-0.60486929124421	cosine	24.0	12.0	21.0	0.45082768262664485	0.0010130720578278318
-1.6586479854564549	cosine	24.0	12.0	15.0	0.15394399545280243	0.1459636853800239
0.2522124487739324	cosine	24.0	6.0	15.0	0.37487714046992215	0.0051377970621272195
-0.16088401955792855	cosine	24.0	9.0	18.0	0.31549066277171667	0.015391993660926931
1.2046966720054073	cosine	24.0	12.0	9.0	0.2954763109789492	0.021545066942792488
-0.5290636597950777	cosine	24.0	12.0	21.0	0.3241488296571744	0.013239016787172118
1.2614593994731647	cosine	24.0	9.0	12.0	0.3777608532768844	0.004852642849707168
-0.07510568219287879	cosine	24.0	6.0	15.0	0.41941699874357624	0.0020437099756060832
-0.051850376307086596	cosine	24.0	18.0	15.0	0.4543225231655877	0.0009344907811765314
-0.14127359050888647	cosine	24.0	21.0	0.0	0.22555494714375637	0.0612756889104502
0.49936884237689505	cosine	24.0	3.0	12.0	0.3069026329988816	0.017817847893956983
-0.03904807555505124	cosine	24.0	15.0	0.0	0.2773216563242906	0.02881195020498228
-0.5463902256477623	cosine	24.0	12.0	21.0	0.24963185732219176	0.04372700742698232
0.17201753706182443	cosine	24.0	21.0	18.0	0.4740192965252165	0.0005869577945699089
-0.900488988525625	cosine	24.0	9.0	18.0	0.47138016672950606	0.0006253118123086274
-0.6102965011085832	cosine	24.0	18.0	9.0	0.45653354730495466	0.0008877098963792871
-0.6132392576530676	cosine	24.0	9.0	12.0	0.21319176868101397	0.07221183733783956
0.03544526654753612	cosine	24.0	21.0	18.0	0.3009646327144232	0.019679757062280118
0.03508447820890471	cosine	24.0	18.0	21.0	0.3461093276215867	0.008906808161730659
2.2841810538896783	cosine	24.0	12.0	3.0	0.38825031885400685	0.003930673389220724
-2.0019232466062746	cosine	24.0	15.0	3.0	0.37644784246614765	0.004980681982243198
-2.1115474348009786	cosine	24.0	18.0	21.0	0.24829582198939915	0.044580801125198674
0.5792914948683877	cosine	24.0	21.0	15.0	0.2954763109789492	0.021545066942792488
-2.3133054527856287	cosine	24.0	0.0	6.0	0.38674806777522264	0.004052272995904978
0.2540745573839176	cosine	24.0	12.0	21.0	0.40611749922565527	0.002715547870623878
0.6173367762927715	cosine	24.0	12.0	9.0	0.33287837565982886	0.011336791543103485
-0.5660925645843546	cosine	24.0	3.0	12.0	0.22555494714375637	0.0612756889104502
0.836251670480877	cosine	24.0	9.0	12.0	0.2655546592342455	0.03453273942337478
0.2528055209968019	cosine	24.0	12.0	21.0	0.2943420407231813	0.021948655444004782
-1.304120978681192	cosine	24.0	6.0	9.0	0.1453080960532161	0.15992129427517754
-1.1113735085116772	cosine	24.0	0.0	21.0	0.2551359238183474	0.04034778682105685
-0.46601004144733654	cosine	24.0	15.0	6.0	0.30064404334716527	0.019784814684414773
0.11664118459692063	cosine	24.0	9.0	0.0	0.2699264121556429	0.03230693818080994
2.4683958945657882	cosine	24.0	21.0	18.0	0.20315112708223565	0.08214673110717585
-0.20819506292809914	cosine	24.0	0.0	3.0	0.37487714046992215	0.0051377970621272195
0.791429065625437	cosine	24.0	21.0	3.0	0.42811715417718754	0.00168992695018417
0.6471023340237237	cosine	24.0	3.0	6.0	0.26352749478578685	0.03560678181850737
-0.9767229656334036	cosine	24.0	18.0	9.0	0.2561041850735112	0.03977585423405737
-0.7017831352132604	cosine	24.0	3.0	9.0	0.41649791914254747	0.0021766940531058277
-1.0564523307521096	cosine	24.0	9.0	12.0	0.2655546592342455	0.03453273942337478
0.30903799010128097	cosine	24.0	0.0	3.0	0.16702446852620292	0.12642548136726045
-0.17924677697582142	cosine	24.0	6.0	21.0	0.3451839016208194	0.009060553512911972
-0.761998328026505	cosine	24.0	6.0	9.0	0.2943420407231813	0.021948655444004782
0.8653479040331472	cosine	24.0	12.0	18.0	0.2473315627273083	0.04520531538629516
-0.9022508716344684	cosine	24.0	21.0	0.0	0.1589977496259266	0.13818700065494172
-0.9315842973470908	cosine	24.0	15.0	12.0	0.13892506906716318	0.17078109313035117
1.2134330674191387	cosine	24.0	9.0	6.0	0.21237337115470045	0.07298545049751572
-0.14610015423043077	cosine	24.0	0.0	21.0	0.3216931213361771	0.01382149916799702
0.5471002273338296	cosine	24.0	9.0	3.0	0.37931060493339147	0.0047052989719750865
1.869303659378005	cosine	24.0	18.0	15.0	0.15394399545280243	0.1459636853800239
-1.326324997908797	cosine	24.0	18.0	15.0	0.1914913114169006	0.09493692298572759
0.6543608502281633	cosine	24.0	21.0	0.0	0.28471690049293835	0.0256371939762934
-0.529262947895046	cosine	24.0	3.0	21.0	0.09595729317764548	0.25561454771501324
0.2669095968591454	cosine	24.0	6.0	12.0	0.455426833741559	0.0009108497988284421
0.1525515327801838	cosine	24.0	6.0	3.0	0.30806735305944094	0.01747083493063007
0.3190103156935637	cosine	24.0	6.0	0.0	0.11899940546929928	0.20763012245398527
1.929200066747631	cosine	24.0	0.0	21.0	0.3586693421794159	0.0070353044355588755
-1.790163299112485	cosine	24.0	3.0	0.0	0.30806735305944094	0.01747083493063007
0.1203074862762868	cosine	24.0	12.0	6.0	0.25384446470840993	0.04112100111304758
-0.027687684772219376	cosine	24.0	0.0	21.0	0.15160250545727888	0.14966458474778954
0.8565005721434775	cosine	24.0	15.0	0.0	0.21076445880646086	0.0745247925817003
-0.7305674591136541	cosine	24.0	21.0	12.0	0.21982506838819874	0.06617158668631351
1.8613835450215324	cosine	24.0	18.0	21.0	0.18057877962865393	0.10818374624007071
-2.541805704142554	cosine	24.0	3.0	0.0	0.26352749478578685	0.03560678181850737
-1.1529651431189563	cosine	24.0	9.0	3.0	0.21568642241310496	0.06989245255810622
-1.2176012586870946	cosine	24.0	6.0	9.0	0.34650392135766916	0.008841950715020211
-0.5911388398037192	cosine	24.0	0.0	3.0	0.20414101708758137	0.08112374916958642
-1.6881748952466442	cosine	24.0	9.0	6.0	0.13785639881971784	0.1726443686722099
1.1092323696700415	cosine	24.0	0.0	21.0	0.2625311679869951	0.03614461188618968
-0.5386085012579331	cosine	24.0	18.0	0.0	0.2878718795329364	0.024374796195956446
0.7056890573346088	cosine	24.0	0.0	3.0	0.3823004501821978	0.004432269204779407
0.04449741989727688	cosine	24.0	3.0	6.0	0.2709508044980625	0.03180287707901677
1.9436884255214477	cosine	24.0	21.0	18.0	0.2783922852608415	0.028333032653019858
0.4473637405016879	cosine	24.0	3.0	0.0	0.3897237598944735	0.0038145915220834077
-0.4864716607045284	cosine	24.0	9.0	12.0	0.40768250502158815	0.0026272690356907743
0.3670538597290723	cosine	24.0	3.0	0.0	0.19671770737530567	0.08903321910476264
0.4470215515515941	cosine	24.0	18.0	15.0	0.36420896485175214	0.006326666384439039
-0.04229025608316932	cosine	24.0	15.0	6.0	0.4268403084558519	0.0017380915166549582
1.4746060518271675	cosine	24.0	18.0	21.0	0.19562701126437507	0.09024213396007019
0.6785822583228317	cosine	24.0	21.0	9.0	0.24125756564895978	0.04930266217726652
1.7137765707853851	cosine	24.0	21.0	9.0	0.37487714046992215	0.0051377970621272195
1.8783850890324374	cosine	24.0	6.0	18.0	0.2741417717592054	0.030274215841132077
-1.0684997342164129	cosine	24.0	12.0	9.0	0.17578970400013433	0.11439938205227845
-1.0498556342012262	cosine	24.0	3.0	21.0	0.19191458635529096	0.09444831922890234
0.14929915367386448	cosine	24.0	6.0	18.0	0.4000988020269485	0.003080546302853938
-1.0251995690173157	cosine	24.0	18.0	15.0	0.2891143329235558	0.023892184636934675
0.10295572513514285	cosine	24.0	12.0	6.0	0.23144642370472673	0.05654161670725406
0.6248814093901413	cosine	24.0	21.0	15.0	0.2655546592342455	0.03453273942337478
-0.2646575054324032	cosine	24.0	21.0	15.0	0.1907505298724862	0.09579651477177781
2.0679824336678814	cosine	24.0	18.0	0.0	0.48716779613266165	0.0004262546337290486
1.5377727456422428	cosine	24.0	21.0	18.0	0.2558199378072597	0.039943065844359166
-0.05826280029497466	cosine	24.0	21.0	3.0	0.2583465585551994	0.03847661585264555
0.013695402569335872	cosine	24.0	12.0	18.0	0.3372703128099659	0.010472966073771602
2.08983881154015	cosine	24.0	21.0	3.0	0.24358389806633082	0.04769966180633572
0.24990428031266243	cosine	24.0	21.0	18.0	0.17305466381079335	0.11806115286078062
-0.979990238945657	cosine	24.0	9.0	6.0	0.2421801600886935	0.04866185976418303
0.280150979639817	cosine	24.0	9.0	12.0	0.46004539557481966	0.0008178129530211379
0.01789531079984989	cosine	24.0	0.0	21.0	0.1885787263005176	0.09834961988888624
-0.6021809529402311	cosine	24.0	21.0	18.0	0.2558199378072597	0.039943065844359166
-0.4779945067733876	cosine	24.0	6.0	12.0	0.39569872439840376	0.0033747297067160454
-0.7611947655584264	cosine	24.0	0.0	6.0	0.5503722502955092	8.232758292558832e-05
-0.1723709127480351	cosine	24.0	21.0	18.0	0.17305466381079335	0.11806115286078062
-0.6667779156365289	cosine	24.0	9.0	6.0	0.19746997668770394	0.08820646422125328
-0.6592420614357782	cosine	24.0	15.0	21.0	0.14586805225543062	0.15899064436178167
-0.6173027475271808	cosine	24.0	3.0	18.0	0.29950738883023387	0.02016114215609676
0.46780128460920123	cosine	24.0	15.0	12.0	0.15394399545280243	0.1459636853800239
-0.48562571532327586	cosine	24.0	0.0	18.0	0.28049054928850214	0.02741363646522646
-0.3170796376274817	cosine	24.0	21.0	3.0	0.19191458635529096	0.09444831922890234
-0.07840633907202564	cosine	24.0	0.0	12.0	0.14762660488868534	0.15609104027542364
0.09179797577960959	cosine	24.0	0.0	9.0	0.24034543548105186	0.04994280222373064
2.1534961770945817	cosine	24.0	0.0	12.0	0.3173972005106735	0.014893695995628085
0.9083172156788346	cosine	24.0	21.0	18.0	0.2633440536251203	0.03570531001355481
-0.9393147876227471	cosine	24.0	9.0	6.0	0.3092454351901779	0.01712572740233685
0.07176805424492534	cosine	24.0	18.0	3.0	0.3734598305167114	0.005283338852544909
-1.0524129933637834	cosine	24.0	21.0	3.0	0.2583465585551994	0.03847661585264555
0.06761532835170254	cosine	24.0	9.0	3.0	0.252873736622261	0.041710063911116285
1.450175629610322	cosine	24.0	3.0	6.0	0.3377605919085437	0.010380190257282039
-0.7700115044387841	cosine	24.0	6.0	0.0	0.23056134809676734	0.057233835382467506
0.5909100122512546	cosine	24.0	6.0	3.0	0.16702446852620292	0.12642548136726045
-0.552451330830612	cosine	24.0	3.0	0.0	0.3451839016208194	0.009060553512911972
0.20235643630929212	cosine	24.0	0.0	21.0	0.1885787263005176	0.09834961988888624
0.25573915821746035	cosine	24.0	12.0	6.0	0.33597061505524844	0.010722413737643984
0.4265606513771458	cosine	24.0	12.0	9.0	0.2206721816171899	0.0654292553875976
-1.4253868255042024	cosine	24.0	15.0	12.0	0.39424681762303065	0.003477203539555004
0.1039259455448286	cosine	24.0	3.0	12.0	0.2773216563242906	0.02881195020498228
-0.5385627158696216	cosine	24.0	9.0	3.0	0.26774866230592337	0.033400440030095055
0.10175131509023487	cosine	24.0	21.0	18.0	0.18057877962865393	0.10818374624007071
-2.3611939341538375	cosine	24.0	21.0	0.0	0.2551359238183474	0.04034778682105685
0.7755244027696968	cosine	24.0	18.0	0.0	0.37644784246614765	0.004980681982243198
0.27506725152698214	cosine	24.0	9.0	6.0	0.25708355455569004	0.03920408275739036
-0.2838331103576635	cosine	24.0	6.0	9.0	0.16021149052021263	0.13636216882002333
0.029171513676395498	cosine	24.0	12.0	15.0	0.5519455446722429	7.884755184806215e-05
-0.7337651563787395	cosine	24.0	6.0	9.0	0.3241488296571744	0.013239016787172118
-0.8419119779760602	cosine	24.0	9.0	6.0	0.13785639881971784	0.1726443686722099
1.9122121975680786	cosine	24.0	3.0	0.0	0.2561041850735112	0.03977585423405737
-1.4681042727671374	cosine	24.0	9.0	6.0	0.2421801600886935	0.04866185976418303
0.19235730449858374	cosine	24.0	12.0	6.0	0.30610656038367084	0.018058395440036235
-0.3702876625529274	cosine	24.0	0.0	21.0	0.5435504463956096	9.91570138994628e-05
0.14731567943121193	cosine	24.0	15.0	18.0	0.2590764801522773	0.03806123580744964
-0.2839237440124525	cosine	24.0	15.0	12.0	0.4017562808158503	0.002975859456052734
-0.6864833188008377	cosine	24.0	15.0	18.0	0.19900077460972024	0.08654178804169727
-3.0768421098128877	cosine	24.0	6.0	9.0	0.2794386462561848	0.02787139059585182
0.18688342641804925	cosine	24.0	15.0	18.0	0.20651023780253988	0.07871439991892487
0.9591212509771152	cosine	24.0	9.0	18.0	0.30806735305944094	0.01747083493063007
-1.3515031031878413	cosine	24.0	15.0	9.0	0.1418542596899938	0.16574018075105934
-1.6118635754543817	cosine	24.0	21.0	18.0	0.24077170617153856	0.0496428218829794
-0.47448459664439474	cosine	24.0	18.0	15.0	0.27409540653791653	0.03029598352690821
-1.6740834536825306	cosine	24.0	12.0	15.0	0.22152916418817914	0.06468486429452701
0.07689249861521537	cosine	24.0	18.0	15.0	0.18398184822408098	0.10391722445107726
-0.403005345358438	cosine	24.0	3.0	6.0	0.24125756564895978	0.04930266217726652
-0.6423753472603518	cosine	24.0	15.0	18.0	0.11639667948870429	0.21276808318223123
1.1421895015435062	cosine	24.0	0.0	18.0	0.4354984844216218	0.001434531998309761
-3.5204959008991223	cosine	24.0	18.0	21.0	0.12038585308576928	0.20492337091312107
-0.5730929085359241	cosine	24.0	12.0	9.0	0.10098557463837504	0.24467319711431257
-1.3548835817547527	cosine	24.0	6.0	12.0	0.2613104783763044	0.03681260452934408
-0.9583488694314715	cosine	24.0	15.0	21.0	0.24311342042571768	0.04802044059311893
0.41792985666000837	cosine	24.0	3.0	0.0	0.24868087536123548	0.04433336645633893
-0.10015419046365692	cosine	24.0	12.0	6.0	0.3434366287231429	0.009357182198009475
-0.6725623351228615	cosine	24.0	15.0	12.0	0.34919003846611285	0.0084113441669734
0.11476945776843518	cosine	24.0	21.0	0.0	0.12941677295133563	0.18781168020979827
0.3439777503491769	cosine	24.0	18.0	3.0	0.5583409347329051	6.607674120553118e-05
-1.0996611661580904	cosine	24.0	0.0	21.0	0.29950738883023387	0.02016114215609676
0.32015639458220146	cosine	24.0	0.0	21.0	0.14420726128863112	0.16176125330350544
0.17947164922768258	cosine	24.0	18.0	0.0	0.1845332561108567	0.10323755908592297
1.2540934682628906	cosine	24.0	6.0	9.0	0.40611749922565527	0.002715547870623878
0.2666999508932662	cosine	24.0	0.0	21.0	0.1885787263005176	0.09834961988888624
-1.7996644228667047	cosine	24.0	9.0	3.0	0.3198109021987418	0.014282791544260957
-0.5649932003780345	cosine	24.0	21.0	3.0	0.23620256782189655	0.052934139906380795
-0.5784748095052279	cosine	24.0	15.0	12.0	0.18398184822408098	0.10391722445107726
-0.6313131760531592	cosine	24.0	0.0	3.0	0.10763799082799744	0.23059422607029073
0.4405077755713059	cosine	24.0	12.0	15.0	0.34168057527329326	0.009663826561076
0.2598286143448511	cosine	24.0	21.0	0.0	0.33648360967347263	0.010623344634627566
0.45662792783892364	cosine	24.0	0.0	18.0	0.22143990733302804	0.06476208627439409
0.5869554713712568	cosine	24.0	9.0	15.0	0.32103858771945964	0.013980433055581136
-0.8050612309293994	cosine	24.0	3.0	0.0	0.31549066277171667	0.015391993660926931
-1.343592620843754	cosine	24.0	18.0	15.0	0.31915218569483433	0.014447331991700058
0.21670490945124668	cosine	24.0	9.0	6.0	0.1825665822207074	0.1056765215839412
-0.9633614244308771	cosine	24.0	3.0	18.0	0.22555494714375637	0.0612756889104502
1.306689493854971	cosine	24.0	3.0	6.0	0.3377605919085437	0.010380190257282039
-2.1830972145423195	cosine	24.0	3.0	18.0	0.3142978771675294	0.015710968084713377
-0.09595756165268508	cosine	24.0	6.0	3.0	0.2783741142103382	0.0283411053804827
-0.9520981370782177	cosine	24.0	9.0	6.0	0.3017937379566796	0.019410252116110444
0.8450741717568696	cosine	24.0	9.0	6.0	0.27198694902268655	0.031299660183120276
0.8164380566823591	cosine	24.0	12.0	9.0	0.19823094280866213	0.08737598727842949
-1.1139462983954374	cosine	24.0	9.0	12.0	0.21319176868101397	0.07221183733783956
0.24411102703828735	cosine	24.0	3.0	6.0	0.4045703793190249	0.002805441148677372
-0.24236042490010987	cosine	24.0	0.0	21.0	0.23295019131240413	0.055380662873957556
-0.9107660299912954	cosine	24.0	9.0	6.0	0.24963185732219176	0.04372700742698232
-1.516212406597592	cosine	24.0	6.0	18.0	0.3334156683557904	0.011227893725165514
0.004207718288627711	cosine	24.0	9.0	12.0	0.28799589804277326	0.02432625829671131
0.3951657658524017	cosine	24.0	12.0	9.0	0.2580742462980696	0.03863252516949062
-1.021248189020242	cosine	24.0	21.0	18.0	0.18810289544651448	0.09891558665411498
-1.3844123356665232	cosine	24.0	9.0	6.0	0.21982506838819874	0.06617158668631351
0.9891325445543311	cosine	24.0	0.0	21.0	0.23295019131240413	0.055380662873957556
-0.6221217808219148	cosine	24.0	6.0	3.0	0.30806735305944094	0.01747083493063007
0.4530892665423149	cosine	24.0	18.0	21.0	0.13543408472149043	0.17691556091276012
-0.9797713590189153	cosine	24.0	21.0	18.0	0.19562701126437507	0.09024213396007019
0.1296734408151165	cosine	24.0	3.0	9.0	0.23799881093859857	0.05162016738148153
1.279631146194603	cosine	24.0	21.0	18.0	0.2783922852608415	0.028333032653019858
-1.1594510087146086	cosine	24.0	9.0	6.0	0.37631071029166224	0.0049942265676904355
-0.60456776547894	cosine	24.0	6.0	9.0	0.19001827945420569	0.09665182047357779
0.47491238534982594	cosine	24.0	9.0	6.0	0.24963185732219176	0.04372700742698232
0.7160876482322228	cosine	24.0	15.0	18.0	0.3116427225020147	0.016441424648025
1.4031680205735602	cosine	24.0	12.0	9.0	0.2580742462980696	0.03863252516949062
-1.1942439386566286	cosine	24.0	15.0	18.0	0.2140197009953595	0.07143562183788349
0.8978805167017773	cosine	24.0	18.0	3.0	0.1885787263005176	0.09834961988888624
-0.4838577106260508	cosine	24.0	6.0	9.0	0.4135691964591535	0.0023179539834495147
-0.4479710100847854	cosine	24.0	9.0	12.0	0.19823094280866213	0.08737598727842949
2.008544148836659	cosine	24.0	6.0	3.0	0.2338342559366841	0.05470697449766232
1.2874058233183243	cosine	24.0	3.0	6.0	0.2561041850735112	0.03977585423405737
0.6836995192940747	cosine	24.0	0.0	9.0	0.5065742255523709	0.0002621592340258946
-0.10060591100748406	cosine	24.0	0.0	9.0	0.24034543548105186	0.04994280222373064
-0.969200775079748	cosine	24.0	6.0	0.0	0.32724836504057303	0.012534194594043507
0.3770099093228542	cosine	24.0	12.0	18.0	0.28480604192841563	0.025600788696373288
0.4004949547585285	cosine	24.0	18.0	15.0	0.20651023780253988	0.07871439991892487
-1.4898712090405795	cosine	24.0	9.0	6.0	0.40611749922565527	0.002715547870623878
-1.1976525807670022	cosine	24.0	15.0	12.0	0.16896292183844172	0.12369283503412826
0.40366968314313706	cosine	24.0	21.0	18.0	0.1504823163572116	0.15145707876053838
-1.1428474922500464	cosine	24.0	18.0	15.0	0.34919003846611285	0.0084113441669734
-0.7270438749069817	cosine	24.0	12.0	15.0	0.46183198635840733	0.0007842318242674856
-1.5849494429579776	cosine	24.0	0.0	9.0	0.29211214466158614	0.02276070879876716
1.0609580736471513	cosine	24.0	9.0	15.0	0.2239804100368323	0.06259195697574524
-0.6412390334993381	cosine	24.0	3.0	9.0	0.37187314209156025	0.005450614642997061
-0.3389910633249865	cosine	24.0	18.0	0.0	0.28049054928850214	0.02741363646522646
-0.30017143520226774	cosine	24.0	15.0	21.0	0.21319176868101397	0.07221183733783956
0.12651535734413077	cosine	24.0	15.0	6.0	0.3897237598944735	0.0038145915220834077
-0.24245088569007262	cosine	24.0	12.0	6.0	0.2687764920441988	0.03288060196554171
0.368268413715306	cosine	24.0	21.0	6.0	0.2857974239226139	0.02519881865604328
-0.6904335002654313	cosine	24.0	21.0	0.0	0.3290883655048249	0.012131343131205926
-0.7523956984208875	cosine	24.0	18.0	21.0	0.21819935871795682	0.06761446149507122
0.7411012548625728	cosine	24.0	18.0	15.0	0.1914913114169006	0.09493692298572759
0.6218719173146056	cosine	24.0	3.0	6.0	0.449110237592679	0.0010538706528264057
-1.2612466887219949	cosine	24.0	15.0	12.0	0.326661648887654	0.01266506290239042
-0.07099102639324624	cosine	24.0	12.0	18.0	0.1049285417631005	0.23627310386996653
-0.39710318910226805	cosine	24.0	12.0	15.0	0.24405755376663804	0.047378451921575866
-0.7639140953771223	cosine	24.0	3.0	21.0	0.3395411912439763	0.010049245916082774
-0.43053022359311705	cosine	24.0	15.0	12.0	0.25156701695945766	0.04251378781533029
-0.16043559641270608	cosine	24.0	15.0	12.0	0.19900077460972024	0.08654178804169727
0.6639395292001823	cosine	24.0	0.0	21.0	0.3069026329988816	0.017817847893956983
-0.8845077611922345	cosine	24.0	18.0	21.0	0.2783922852608415	0.028333032653019858
-1.1290691451043613	cosine	24.0	3.0	6.0	0.2561041850735112	0.03977585423405737
0.19974106051426477	cosine	24.0	15.0	9.0	0.29864054671577644	0.02045220334565448
0.526862930082869	cosine	24.0	15.0	12.0	0.2816048697307362	0.026935575910470858
0.06397679456189556	cosine	24.0	12.0	9.0	0.3702804403407085	0.005623241622001215
-1.1163208410377838	cosine	24.0	21.0	0.0	0.3216931213361771	0.01382149916799702
-2.026111013622805	cosine	24.0	21.0	6.0	0.2932207336348896	0.022353887279688553
0.11535109234610598	cosine	24.0	18.0	21.0	0.39125402252875013	0.0036972951644364377
-0.02090712734216841	cosine	24.0	9.0	12.0	0.4002020920854122	0.0030739268367153947
-0.5100926727745035	cosine	24.0	9.0	6.0	0.2421801600886935	0.04866185976418303
1.5192201005786792	cosine	24.0	18.0	15.0	0.18398184822408098	0.10391722445107726
-1.4938282309282893	cosine	24.0	0.0	3.0	0.24125756564895978	0.04930266217726652
0.40100203134189144	cosine	24.0	6.0	9.0	0.13040470158621958	0.18599485111582204
-0.6714380433966706	cosine	24.0	18.0	15.0	0.3041332593091951	0.01866662856252859
1.029289864632162	cosine	24.0	0.0	18.0	0.2066772468441595	0.07854663026645384
0.9033237509989692	cosine	24.0	3.0	21.0	0.28049054928850214	0.02741363646522646
-0.33388129964187785	cosine	24.0	9.0	12.0	0.13838763931925468	0.17171651217030293
-0.8516617624330931	cosine	24.0	9.0	12.0	0.2206721816171899	0.0654292553875976
0.3373780967880903	cosine	24.0	3.0	15.0	0.2731092190440679	0.030762062328506853
0.7556078857706224	cosine	24.0	6.0	9.0	0.3390522241241709	0.010139196014009982
-1.242007459934914	cosine	24.0	9.0	15.0	0.2090483827010435	0.07619384796207052
-0.45418996135987777	cosine	24.0	6.0	0.0	0.18593657104578012	0.10152240598303947
