ID	Waveform	Period	Phase	Nadir	Tau	P
1.2640976894683025	cosine	24.0	18.0	21.0	0.29344051689656264	0.02227396573589996
1.268325202123861	cosine	24.0	0.0	6.0	0.20081149672944254	0.08460315962917975
-0.03778192277667632	cosine	24.0	0.0	21.0	0.34387885384212036	0.009281315096840078
1.0817114919851005	cosine	24.0	21.0	15.0	0.15334846519160655	0.14689908245619482
-0.658507799227059	cosine	24.0	3.0	0.0	0.10763799082799744	0.23059422607029073
1.3422111603758522	cosine	24.0	3.0	0.0	0.21898763651213274	0.06691183000253088
-0.8036552040710199	cosine	24.0	0.0	21.0	0.21076445880646086	0.0745247925817003
1.8771782101267755	cosine	24.0	12.0	18.0	0.21735197936642245	0.06837611648478077
0.5012912267619196	cosine	24.0	3.0	21.0	0.35430385173284484	0.007642194440630212
1.2519554844393879	cosine	24.0	6.0	9.0	0.3837624075251605	0.00430398916286051
-0.7323625727449609	cosine	24.0	9.0	6.0	0.1676631877537109	0.12552046793508637
-0.974886333589118	cosine	24.0	12.0	15.0	0.14643453225998282	0.15805277010113494
0.0957799999066505	cosine	24.0	21.0	3.0	0.2066772468441595	0.07854663026645384
-1.894346416673259	cosine	24.0	15.0	12.0	0.34919003846611285	0.0084113441669734
2.10208370797418	cosine	24.0	21.0	18.0	0.23324759035367798	0.05515330692798147
0.8356579367771201	cosine	24.0	3.0	18.0	0.23295019131240413	0.055380662873957556
0.11814370805604492	cosine	24.0	15.0	6.0	0.30064404334716527	0.019784814684414773
-1.6513501585561778	cosine	24.0	9.0	6.0	0.4731827743271396	0.0005988728773829218
0.18248503104037583	cosine	24.0	21.0	6.0	0.24125756564895978	0.04930266217726652
0.006963534463491655	cosine	24.0	15.0	18.0	0.24405755376663804	0.047378451921575866
1.4287018234079747	cosine	24.0	3.0	6.0	0.2932207336348896	0.022353887279688553
0.3062303978821587	cosine	24.0	0.0	18.0	0.2731092190440679	0.030762062328506853
-0.2891436482339263	cosine	24.0	3.0	0.0	0.31549066277171667	0.015391993660926931
-0.8413995289107851	cosine	24.0	18.0	21.0	0.35363344343944725	0.0077393670907879575
-0.1088066750748454	cosine	24.0	3.0	0.0	0.2932207336348896	0.022353887279688553
-0.2586142066481023	cosine	24.0	3.0	18.0	0.29211214466158614	0.02276070879876716
0.21795402163024086	cosine	24.0	12.0	21.0	0.13785639881971784	0.1726443686722099
-1.3757150103304976	cosine	24.0	3.0	6.0	0.4045703793190249	0.002805441148677372
2.0551127275357426	cosine	24.0	21.0	15.0	0.28051548510659735	0.027402861731981906
0.5018336109707296	cosine	24.0	15.0	0.0	0.34387885384212036	0.009281315096840078
-0.4829535969805686	cosine	24.0	15.0	12.0	0.2365480905738184	0.052679346147498834
-0.5800994449841238	cosine	24.0	12.0	6.0	0.2239804100368323	0.06259195697574524
-0.986242949565311	cosine	24.0	9.0	6.0	0.19001827945420569	0.09665182047357779
0.6560857681540404	cosine	24.0	9.0	6.0	0.2645352517891883	0.03506947273840929
-1.4539779294497595	cosine	24.0	18.0	15.0	0.19900077460972024	0.08654178804169727
-1.1788015871773014	cosine	24.0	0.0	3.0	0.2561041850735112	0.03977585423405737
-0.25602618330244087	cosine	24.0	9.0	15.0	0.3509026423910373	0.008146509643390648
0.3093216406835294	cosine	24.0	9.0	15.0	0.16425230069367702	0.1304060561266036
0.5973633657628012	cosine	24.0	0.0	21.0	0.24034543548105186	0.04994280222373064
-0.2304741515738847	cosine	24.0	0.0	6.0	0.23799881093859857	0.05162016738148153
-0.34577082280394955	cosine	24.0	0.0	3.0	0.2932207336348896	0.022353887279688553
-0.6468984156150368	cosine	24.0	21.0	18.0	0.4063022541644713	0.0027049886032067413
-2.023493236965326	cosine	24.0	9.0	12.0	0.15334846519160655	0.14689908245619482
-1.3575536520299185	cosine	24.0	18.0	15.0	0.31915218569483433	0.014447331991700058
-1.9425842732618213	cosine	24.0	21.0	0.0	0.11462628461404012	0.21630498612695365
-0.2633768899391383	cosine	24.0	21.0	0.0	0.35127409801076814	0.008090044838256295
1.3740465543570717	cosine	24.0	18.0	15.0	0.25156701695945766	0.04251378781533029
0.0734960927279747	cosine	24.0	18.0	21.0	0.12038585308576928	0.20492337091312107
-2.482022127884567	cosine	24.0	18.0	15.0	0.0938682899102454	0.2602341422708193
0.2547291419070293	cosine	24.0	15.0	12.0	0.3116427225020147	0.016441424648025
1.2413059522448981	cosine	24.0	3.0	18.0	0.16639299379457437	0.12732468937632635
-0.7052425609431661	cosine	24.0	9.0	12.0	0.17578970400013433	0.11439938205227845
-0.11481614639462481	cosine	24.0	9.0	12.0	0.40768250502158815	0.0026272690356907743
1.4276946139736697	cosine	24.0	12.0	9.0	0.2730350721704214	0.03079734328122759
1.7398255574697463	cosine	24.0	15.0	18.0	0.34168057527329326	0.009663826561076
-0.09789407853996329	cosine	24.0	3.0	6.0	0.26352749478578685	0.03560678181850737
0.7045170483887825	cosine	24.0	15.0	18.0	0.26658594334509694	0.03399663812377356
0.15815158207028018	cosine	24.0	15.0	9.0	0.2239804100368323	0.06259195697574524
1.4390848527072246	cosine	24.0	21.0	18.0	0.20315112708223565	0.08214673110717585
-0.6503290571704701	cosine	24.0	21.0	0.0	0.16639299379457437	0.12732468937632635
-0.15438464753678544	cosine	24.0	21.0	0.0	0.13681201711998336	0.1744777691802858
-0.236628846843044	cosine	24.0	15.0	18.0	0.22152916418817914	0.06468486429452701
-0.48078784541618946	cosine	24.0	9.0	15.0	0.291174533047882	0.023109639719022
1.1599089065152925	cosine	24.0	0.0	3.0	0.3377605919085437	0.010380190257282039
-1.020932214469802	cosine	24.0	15.0	18.0	0.16896292183844172	0.12369283503412826
-0.22289581701259212	cosine	24.0	9.0	15.0	0.2687764920441988	0.03288060196554171
1.45624353410447	cosine	24.0	21.0	0.0	0.16639299379457437	0.12732468937632635
-1.4481860170915533	cosine	24.0	0.0	21.0	0.21815970297510862	0.06764995867882109
2.59392770539507	cosine	24.0	3.0	9.0	0.37187314209156025	0.005450614642997061
-0.18289288064480952	cosine	24.0	12.0	6.0	0.15678628702578262	0.1415545250123827
-0.25712596805893145	cosine	24.0	6.0	9.0	0.24963185732219176	0.04372700742698232
0.015782624812459706	cosine	24.0	15.0	18.0	0.22152916418817914	0.06468486429452701
0.8487304971152067	cosine	24.0	6.0	9.0	0.2049216739212022	0.08032379819344765
0.2981776439234361	cosine	24.0	15.0	9.0	0.2613104783763044	0.03681260452934408
-0.4599043025670245	cosine	24.0	15.0	12.0	0.10888721629588466	0.22800182111776734
-0.7773014157105359	cosine	24.0	9.0	6.0	0.1453080960532161	0.15992129427517754
-1.7030915650069516	cosine	24.0	0.0	3.0	0.17444777823847862	0.11618577088949705
0.5721473648847387	cosine	24.0	0.0	3.0	0.2561041850735112	0.03977585423405737
1.2652281538733612	cosine	24.0	18.0	21.0	0.3009646327144232	0.019679757062280118
-1.8796355377621836	cosine	24.0	3.0	12.0	0.3660645863480636	0.006103836469221554
-1.628732136508579	cosine	24.0	9.0	3.0	0.20081149672944254	0.08460315962917975
0.25278643741205475	cosine	24.0	0.0	18.0	0.3616851819772791	0.0066412775630506635
0.9249758258668966	cosine	24.0	18.0	15.0	0.22152916418817914	0.06468486429452701
-0.47333749085904614	cosine	24.0	3.0	12.0	0.3142978771675294	0.015710968084713377
-0.818954428215453	cosine	24.0	12.0	15.0	0.34919003846611285	0.0084113441669734
2.1113006265892436	cosine	24.0	3.0	6.0	0.17444777823847862	0.11618577088949705
-0.14782397065231387	cosine	24.0	18.0	6.0	0.42232651325066783	0.0019185413564552962
-2.347002524282988	cosine	24.0	3.0	9.0	0.34956075356606664	0.008353384938283085
0.643282687453709	cosine	24.0	3.0	0.0	0.3451839016208194	0.009060553512911972
0.5689186948011633	cosine	24.0	21.0	0.0	0.28471690049293835	0.0256371939762934
0.7570431760130241	cosine	24.0	21.0	12.0	0.3017937379566796	0.019410252116110444
0.46078122261776944	cosine	24.0	12.0	9.0	0.17578970400013433	0.11439938205227845
-0.05477408182817172	cosine	24.0	21.0	15.0	0.2505938333618936	0.043120464095440875
0.7530808278100846	cosine	24.0	0.0	15.0	0.2551359238183474	0.04034778682105685
0.6834857535440443	cosine	24.0	15.0	18.0	0.12390614268152392	0.1981456709240792
-1.3677378706409593	cosine	24.0	0.0	9.0	0.15160250545727888	0.14966458474778954
-0.46130490354516335	cosine	24.0	9.0	12.0	0.34035878859600477	0.009900396537324115
-0.4303239792820841	cosine	24.0	18.0	15.0	0.19900077460972024	0.08654178804169727
0.6497629205599302	cosine	24.0	3.0	0.0	0.1299079199648245	0.18690708075242085
-0.9600865436418676	cosine	24.0	6.0	9.0	0.3390522241241709	0.010139196014009982
-0.7008005103008451	cosine	24.0	15.0	12.0	0.3341711120804736	0.011076319946854101
-0.24668889155696005	cosine	24.0	3.0	6.0	0.24125756564895978	0.04930266217726652
-1.2411895227202827	cosine	24.0	0.0	21.0	0.38825031885400685	0.003930673389220724
-0.3786616424258958	cosine	24.0	9.0	3.0	0.3123734393569106	0.016237554289091953
-0.44012420856484036	cosine	24.0	18.0	3.0	0.1589977496259266	0.13818700065494172
0.19961539925946772	cosine	24.0	6.0	15.0	0.2932207336348896	0.022353887279688553
0.25467191982129406	cosine	24.0	15.0	12.0	0.5669644710578822	5.191832756701131e-05
0.46235291298788056	cosine	24.0	21.0	18.0	0.17305466381079335	0.11806115286078062
-0.09506801451356732	cosine	24.0	18.0	0.0	0.22143990733302804	0.06476208627439409
0.5240128825976539	cosine	24.0	6.0	3.0	0.15217784910165155	0.14874946071331063
-0.17280025555416326	cosine	24.0	15.0	12.0	0.2365480905738184	0.052679346147498834
2.532296896551725	cosine	24.0	12.0	0.0	0.5093117868659645	0.00024445845820754306
0.6500197177635213	cosine	24.0	6.0	9.0	0.24963185732219176	0.04372700742698232
-0.7138305961370005	cosine	24.0	15.0	18.0	0.2140197009953595	0.07143562183788349
-0.6871831144604055	cosine	24.0	9.0	6.0	0.2794386462561848	0.02787139059585182
-0.1576918998991547	cosine	24.0	9.0	12.0	0.3029567239151251	0.019037505968002938
0.0711560694103445	cosine	24.0	12.0	15.0	0.16145345864562208	0.13451203512311516
1.5075572650650246	cosine	24.0	6.0	3.0	0.20414101708758137	0.08112374916958642
2.6272231586664896	cosine	24.0	0.0	21.0	0.3290883655048249	0.012131343131205926
-0.43904664272250576	cosine	24.0	6.0	3.0	0.3451839016208194	0.009060553512911972
-0.5308487684537865	cosine	24.0	3.0	6.0	0.26352749478578685	0.03560678181850737
-1.4359658392034576	cosine	24.0	3.0	15.0	0.21405857708859377	0.07139933215686703
1.0048614310028745	cosine	24.0	6.0	12.0	0.47782487474524227	0.0005354677614061722
0.8086581671567675	cosine	24.0	12.0	9.0	0.34035878859600477	0.009900396537324115
1.7726911531778755	cosine	24.0	21.0	18.0	0.21067524290009623	0.0746108704887449
0.16561544120932756	cosine	24.0	18.0	0.0	0.2066772468441595	0.07854663026645384
0.2609051116925053	cosine	24.0	12.0	3.0	0.35127409801076814	0.008090044838256295
0.13239941190080562	cosine	24.0	3.0	0.0	0.36003052104537075	0.00685497779106477
1.0065394196020025	cosine	24.0	15.0	6.0	0.330337282196268	0.011864341762666228
-0.9361947817556813	cosine	24.0	12.0	9.0	0.20571135574483804	0.0795206783939611
-1.2670028786804477	cosine	24.0	3.0	6.0	0.21898763651213274	0.06691183000253088
-0.5165676176274867	cosine	24.0	0.0	6.0	0.3198109021987418	0.014282791544260957
-1.3236886154764678	cosine	24.0	6.0	9.0	0.08569451818523001	0.2787140364984095
-0.31553544877928164	cosine	24.0	0.0	3.0	0.21156432679985704	0.0737564416596048
-0.6826099364072838	cosine	24.0	9.0	12.0	0.23563300748954177	0.05335627493079011
0.52353115864275	cosine	24.0	3.0	21.0	0.40597316344388473	0.002723822944538488
1.3340798542850014	cosine	24.0	6.0	3.0	0.20414101708758137	0.08112374916958642
0.6875202678414775	cosine	24.0	12.0	9.0	0.28799589804277326	0.02432625829671131
-0.2505454490609266	cosine	24.0	9.0	12.0	0.2580742462980696	0.03863252516949062
1.8852696512935119	cosine	24.0	18.0	0.0	0.3616851819772791	0.0066412775630506635
0.1634751872476298	cosine	24.0	9.0	12.0	0.2655546592342455	0.03453273942337478
-0.7440416899328506	cosine	24.0	0.0	21.0	0.34387885384212036	0.009281315096840078
0.8575749656913342	cosine	24.0	21.0	18.0	0.20315112708223565	0.08214673110717585
0.10099284819391713	cosine	24.0	15.0	18.0	0.22152916418817914	0.06468486429452701
0.9780906693645222	cosine	24.0	9.0	12.0	0.10098557463837504	0.24467319711431257
0.13134285583794095	cosine	24.0	6.0	12.0	0.455426833741559	0.0009108497988284421
2.918131965790615	cosine	24.0	9.0	6.0	0.2645352517891883	0.03506947273840929
0.8402034376332003	cosine	24.0	18.0	21.0	0.4063022541644713	0.0027049886032067413
-0.10906761416897238	cosine	24.0	6.0	21.0	0.20414101708758137	0.08112374916958642
0.8721550344629373	cosine	24.0	12.0	3.0	0.2551359238183474	0.04034778682105685
1.596748552919102	cosine	24.0	18.0	21.0	0.21819935871795682	0.06761446149507122
0.7306473355937584	cosine	24.0	18.0	15.0	0.42428467039430917	0.0018382656628527076
0.7104004482764813	cosine	24.0	12.0	9.0	0.4002020920854122	0.0030739268367153947
-0.17278396676451446	cosine	24.0	6.0	21.0	0.26352749478578685	0.03560678181850737
-0.21064252920458512	cosine	24.0	3.0	0.0	0.2561041850735112	0.03977585423405737
-3.0767956177951903	cosine	24.0	3.0	6.0	0.4045703793190249	0.002805441148677372
-2.918744644444414	cosine	24.0	15.0	18.0	0.25156701695945766	0.04251378781533029
-0.7748227755511999	cosine	24.0	18.0	21.0	0.21819935871795682	0.06761446149507122
1.395960602099858	cosine	24.0	6.0	3.0	0.330337282196268	0.011864341762666228
-0.057233312055234	cosine	24.0	21.0	15.0	0.19823094280866213	0.08737598727842949
-0.43290385735815	cosine	24.0	18.0	0.0	0.21405857708859377	0.07139933215686703
1.6646653060340482	cosine	24.0	3.0	0.0	0.10763799082799744	0.23059422607029073
0.514545223299864	cosine	24.0	0.0	21.0	0.23295019131240413	0.055380662873957556
0.38621303769861365	cosine	24.0	21.0	18.0	0.33106109598586553	0.011711945696637922
-0.09867017669650284	cosine	24.0	3.0	9.0	0.4685601590353659	0.0006688423871824162
1.0136235822439013	cosine	24.0	12.0	21.0	0.24963185732219176	0.04372700742698232
-1.0197384998690389	cosine	24.0	9.0	6.0	0.1676631877537109	0.12552046793508637
-0.07863324002182821	cosine	24.0	9.0	3.0	0.2603111994640922	0.03736692036454452
-0.8522851953445904	cosine	24.0	12.0	18.0	0.5546222921763884	7.324290521856879e-05
0.48768748241905546	cosine	24.0	6.0	3.0	0.2338342559366841	0.05470697449766232
-0.6603888377957768	cosine	24.0	12.0	15.0	0.3041332593091951	0.01866662856252859
0.0017976624266473587	cosine	24.0	9.0	6.0	0.2421801600886935	0.04866185976418303
-0.7162439745046719	cosine	24.0	12.0	3.0	0.3069026329988816	0.017817847893956983
-1.7634133764862046	cosine	24.0	12.0	15.0	0.22903862738099875	0.05844034568396187
0.74844465171933	cosine	24.0	15.0	12.0	0.18398184822408098	0.10391722445107726
0.012212235463443855	cosine	24.0	3.0	0.0	0.2857974239226139	0.02519881865604328
-1.052546114853864	cosine	24.0	0.0	3.0	0.2561041850735112	0.03977585423405737
0.24641877488703712	cosine	24.0	15.0	12.0	0.24405755376663804	0.047378451921575866
1.684388561278351	cosine	24.0	21.0	0.0	0.2699264121556429	0.03230693818080994
-0.4893147301872299	cosine	24.0	0.0	21.0	0.17378823796322213	0.11707097859576515
0.07805601629640248	cosine	24.0	9.0	12.0	0.1159464005107269	0.21366443655480294
-0.5997068638479357	cosine	24.0	3.0	6.0	0.16702446852620292	0.12642548136726045
0.34653704694975535	cosine	24.0	15.0	6.0	0.2932207336348896	0.022353887279688553
1.3714470070515883	cosine	24.0	0.0	3.0	0.24125756564895978	0.04930266217726652
0.6944326491076808	cosine	24.0	3.0	6.0	0.26352749478578685	0.03560678181850737
-1.7474757061361241	cosine	24.0	9.0	3.0	0.21568642241310496	0.06989245255810622
0.10971660039738966	cosine	24.0	3.0	18.0	0.21076445880646086	0.0745247925817003
0.4026895487455601	cosine	24.0	15.0	12.0	0.22152916418817914	0.06468486429452701
1.0156618798824717	cosine	24.0	9.0	15.0	0.2687764920441988	0.03288060196554171
-0.08035097542190793	cosine	24.0	6.0	3.0	0.17444777823847862	0.11618577088949705
1.9167462409272253	cosine	24.0	21.0	0.0	0.1589977496259266	0.13818700065494172
0.18135672109632756	cosine	24.0	18.0	21.0	0.27086816944298087	0.031843296004397496
-1.1464236874662728	cosine	24.0	12.0	18.0	0.2548264585675298	0.040531983826212474
-1.0085158963011578	cosine	24.0	0.0	3.0	0.13733122967710018	0.17356475677209343
-1.7230660810659264	cosine	24.0	9.0	6.0	0.28689034348968306	0.024761821716796587
1.2966008226336407	cosine	24.0	9.0	15.0	0.3509026423910373	0.008146509643390648
-0.15680005295191088	cosine	24.0	0.0	12.0	0.32477853075510776	0.013093115992743426
-0.06510341092526614	cosine	24.0	0.0	21.0	0.2625311679869951	0.03614461188618968
1.9026020601925868	cosine	24.0	6.0	9.0	0.2421801600886935	0.04866185976418303
-0.041942042937941	cosine	24.0	0.0	21.0	0.24774067964969962	0.04493949144849353
1.1650128744413286	cosine	24.0	0.0	18.0	0.19191458635529096	0.09444831922890234
0.11261125329416143	cosine	24.0	3.0	15.0	0.4207358239327533	0.0019860827842088013
-0.1322359883388451	cosine	24.0	0.0	18.0	0.24358389806633082	0.04769966180633572
0.8109966373025282	cosine	24.0	12.0	3.0	0.24034543548105186	0.04994280222373064
1.6905194419846898	cosine	24.0	3.0	6.0	0.31549066277171667	0.015391993660926931
1.1884284770867395	cosine	24.0	9.0	12.0	0.3029567239151251	0.019037505968002938
0.17426977238782268	cosine	24.0	15.0	12.0	0.3116427225020147	0.016441424648025
0.20814116063621618	cosine	24.0	9.0	12.0	0.3478392015321807	0.008625537378454924
1.2099202659055028	cosine	24.0	0.0	3.0	0.21898763651213274	0.06691183000253088
0.3171028645597196	cosine	24.0	0.0	12.0	0.2952532097773707	0.02162395005989455
-1.6206692872221486	cosine	24.0	15.0	12.0	0.16145345864562208	0.13451203512311516
-0.22056023818339765	cosine	24.0	0.0	18.0	0.21405857708859377	0.07139933215686703
-0.4685096010942782	cosine	24.0	0.0	6.0	0.24543627378042976	0.04645332880937976
-0.07209561239290548	cosine	24.0	12.0	9.0	0.2580742462980696	0.03863252516949062
-1.3683993694409775	cosine	24.0	18.0	21.0	0.24077170617153856	0.0496428218829794
0.7361098548043125	cosine	24.0	6.0	0.0	0.1710616453621177	0.12078118127288895
0.7970273939352629	cosine	24.0	15.0	3.0	0.3100158702662392	0.016903200710028324
1.8790107569210632	cosine	24.0	15.0	9.0	0.1343882460220994	0.17878012069770977
0.350914765246076	cosine	24.0	12.0	15.0	0.13892506906716318	0.17078109313035117
-0.1899793845167791	cosine	24.0	21.0	15.0	0.2580742462980696	0.03863252516949062
1.530011486807236	cosine	24.0	0.0	9.0	0.29211214466158614	0.02276070879876716
1.3558351435027338	cosine	24.0	6.0	9.0	0.36885901305816393	0.005781386903632934
0.639488599234993	cosine	24.0	3.0	0.0	0.26352749478578685	0.03560678181850737
0.5737239291810766	cosine	24.0	21.0	9.0	0.2709508044980625	0.03180287707901677
0.08651220653556296	cosine	24.0	12.0	18.0	0.28480604192841563	0.025600788696373288
0.6334169742010182	cosine	24.0	9.0	3.0	0.11899940546929928	0.20763012245398527
1.1458532337313085	cosine	24.0	21.0	18.0	0.21067524290009623	0.0746108704887449
0.07427683033933434	cosine	24.0	15.0	9.0	0.38823271073050936	0.003932079535862722
0.10215627928696702	cosine	24.0	6.0	9.0	0.2794386462561848	0.02787139059585182
-0.5726106335946658	cosine	24.0	21.0	12.0	0.2794386462561848	0.02787139059585182
0.5992723630946261	cosine	24.0	12.0	3.0	0.22555494714375637	0.0612756889104502
-0.1313126573775735	cosine	24.0	9.0	18.0	0.3823004501821978	0.004432269204779407
-1.3545672113580194	cosine	24.0	12.0	0.0	0.2952532097773707	0.02162395005989455
0.9567361429328797	cosine	24.0	0.0	21.0	0.34387885384212036	0.009281315096840078
0.35906436471036046	cosine	24.0	3.0	9.0	0.24543627378042976	0.04645332880937976
-0.569115222738718	cosine	24.0	21.0	18.0	0.3385852118037261	0.01022576234529446
0.1676689897842559	cosine	24.0	12.0	18.0	0.14989791680442927	0.15239786093754165
0.8721467306125907	cosine	24.0	0.0	3.0	0.37487714046992215	0.0051377970621272195
-0.8200457653503908	cosine	24.0	21.0	6.0	0.3674538307576464	0.00594159154192835
-1.000832637820283	cosine	24.0	18.0	12.0	0.20236218768597952	0.08296897952321058
-1.4137642690744252	cosine	24.0	9.0	3.0	0.23056134809676734	0.057233835382467506
-0.0656902371448594	cosine	24.0	6.0	0.0	0.26774866230592337	0.033400440030095055
0.49879487473987916	cosine	24.0	6.0	0.0	0.24543627378042976	0.04645332880937976
0.9369892753026801	cosine	24.0	18.0	21.0	0.31601286435014436	0.015254106285572607
-0.2001590101581237	cosine	24.0	3.0	9.0	0.3198109021987418	0.014282791544260957
-1.7558494791401091	cosine	24.0	15.0	0.0	0.34387885384212036	0.009281315096840078
-0.5178710675791383	cosine	24.0	6.0	3.0	0.20414101708758137	0.08112374916958642
-0.4718896529635928	cosine	24.0	3.0	0.0	0.5010734055786088	0.00030139482958367174
-0.5882328007724408	cosine	24.0	12.0	3.0	0.34387885384212036	0.009281315096840078
-0.2338118226290633	cosine	24.0	21.0	6.0	0.30806735305944094	0.01747083493063007
-1.3085242775050734	cosine	24.0	0.0	3.0	0.24868087536123548	0.04433336645633893
-0.5468841164017064	cosine	24.0	6.0	21.0	0.2709508044980625	0.03180287707901677
0.33541744892155106	cosine	24.0	6.0	3.0	0.2932207336348896	0.022353887279688553
-1.7721959338089102	cosine	24.0	21.0	0.0	0.24034543548105186	0.04994280222373064
-1.3126099920361647	cosine	24.0	18.0	15.0	0.26658594334509694	0.03399663812377356
0.1106765003864552	cosine	24.0	12.0	9.0	0.2655546592342455	0.03453273942337478
-1.632849923482517	cosine	24.0	3.0	9.0	0.1710616453621177	0.12078118127288895
-1.8468451620325268	cosine	24.0	21.0	0.0	0.3808550746853591	0.004562440916140081
-0.9138564794189193	cosine	24.0	21.0	15.0	0.15334846519160655	0.14689908245619482
1.397497661973749	cosine	24.0	9.0	12.0	0.33287837565982886	0.011336791543103485
-1.0324375820733993	cosine	24.0	12.0	9.0	0.28051548510659735	0.027402861731981906
1.4111789597749251	cosine	24.0	9.0	3.0	0.20824895957127373	0.07698101426976775
-0.14983042569949226	cosine	24.0	0.0	15.0	0.2625311679869951	0.03614461188618968
-0.27314283744371654	cosine	24.0	15.0	21.0	0.48248663438334743	0.000478093063517668
-0.9417371030546987	cosine	24.0	18.0	21.0	0.3235369801680049	0.01338212467957003
0.3133410342024451	cosine	24.0	12.0	6.0	0.15678628702578262	0.1415545250123827
-1.5566485157807166	cosine	24.0	21.0	18.0	0.27086816944298087	0.031843296004397496
1.9172718892405147	cosine	24.0	9.0	6.0	0.39121410475865875	0.003700313337904557
0.06122254823343634	cosine	24.0	9.0	15.0	0.47035886107734787	0.0006407655544181333
-0.3186560522549667	cosine	24.0	21.0	0.0	0.24034543548105186	0.04994280222373064
1.0323209718259885	cosine	24.0	0.0	18.0	0.3616851819772791	0.0066412775630506635
-1.6314588514409838	cosine	24.0	6.0	3.0	0.2783741142103382	0.0283411053804827
0.06980982268269725	cosine	24.0	21.0	18.0	0.23324759035367798	0.05515330692798147
-0.6720475857040582	cosine	24.0	15.0	12.0	0.39424681762303065	0.003477203539555004
0.8074737199278702	cosine	24.0	21.0	0.0	0.19597397046916537	0.08985625322931617
3.2166435787327874	cosine	24.0	3.0	0.0	0.2338342559366841	0.05470697449766232
-0.07361848963328724	cosine	24.0	3.0	6.0	0.2264109462244084	0.060569228522496806
0.022134542066625795	cosine	24.0	6.0	3.0	0.2783741142103382	0.0283411053804827
-0.6453054219980077	cosine	24.0	3.0	0.0	0.17444777823847862	0.11618577088949705
-0.1261602492755963	cosine	24.0	9.0	0.0	0.24774067964969962	0.04493949144849353
0.9811959659303391	cosine	24.0	18.0	15.0	0.15394399545280243	0.1459636853800239
0.35739426979906536	cosine	24.0	9.0	12.0	0.2505938333618936	0.043120464095440875
0.30625375500078095	cosine	24.0	6.0	3.0	0.20414101708758137	0.08112374916958642
-0.556949094376664	cosine	24.0	6.0	0.0	0.1264368683111305	0.19335787645591013
0.7044010420563706	cosine	24.0	3.0	18.0	0.14420726128863112	0.16176125330350544
0.2531838497539168	cosine	24.0	0.0	21.0	0.28471690049293835	0.0256371939762934
-0.09623173164089247	cosine	24.0	0.0	9.0	0.19597397046916537	0.08985625322931617
-0.7291528473102267	cosine	24.0	0.0	3.0	0.3897237598944735	0.0038145915220834077
1.3377454201902486	cosine	24.0	15.0	9.0	0.30610656038367084	0.018058395440036235
0.1870238181526448	cosine	24.0	15.0	12.0	0.19900077460972024	0.08654178804169727
1.6355706783740944	cosine	24.0	15.0	21.0	0.20571135574483804	0.0795206783939611
-1.1844980929677897	cosine	24.0	18.0	9.0	0.2783741142103382	0.0283411053804827
0.8296531117891603	cosine	24.0	0.0	6.0	0.2974985136732482	0.020841095044795872
0.14039620213568949	cosine	24.0	0.0	3.0	0.3674538307576464	0.00594159154192835
-0.9913513951325379	cosine	24.0	9.0	3.0	0.3198109021987418	0.014282791544260957
0.5381532158401638	cosine	24.0	3.0	6.0	0.30806735305944094	0.01747083493063007
-0.15190157102268279	cosine	24.0	18.0	12.0	0.17987750016531512	0.10907841091363718
0.22894388554682085	cosine	24.0	6.0	3.0	0.17444777823847862	0.11618577088949705
-0.8937746479592574	cosine	24.0	21.0	6.0	0.30806735305944094	0.01747083493063007
-1.111005167081052	cosine	24.0	12.0	6.0	0.2239804100368323	0.06259195697574524
-0.7332325766530124	cosine	24.0	12.0	15.0	0.2365480905738184	0.052679346147498834
-0.5190252377715281	cosine	24.0	15.0	3.0	0.14762660488868534	0.15609104027542364
-0.24976743413690625	cosine	24.0	21.0	3.0	0.22143990733302804	0.06476208627439409
-0.9799185994245456	cosine	24.0	12.0	21.0	0.3539556185911674	0.0076925343627084405
0.31581861051095833	cosine	24.0	18.0	21.0	0.2633440536251203	0.03570531001355481
0.07912125570381623	cosine	24.0	21.0	9.0	0.2264109462244084	0.060569228522496806
0.013055990452773773	cosine	24.0	3.0	6.0	0.43426361816812764	0.0014746410900555347
-0.09381246339977725	cosine	24.0	6.0	3.0	0.15960115881392725	0.1372777177333498
-0.4375278147800578	cosine	24.0	15.0	9.0	0.23144642370472673	0.05654161670725406
1.2758550669851458	cosine	24.0	21.0	15.0	0.2954763109789492	0.021545066942792488
-0.49477160454118335	cosine	24.0	9.0	3.0	0.26774866230592337	0.033400440030095055
-1.1700453872249086	cosine	24.0	12.0	0.0	0.35430385173284484	0.007642194440630212
0.4558539118532706	cosine	24.0	15.0	12.0	0.17647238503126134	0.1134981303078686
0.23436973469578976	cosine	24.0	21.0	0.0	0.2773216563242906	0.02881195020498228
1.190928542590198	cosine	24.0	18.0	21.0	0.43639871743591363	0.0014059223976720723
-0.6075695969869945	cosine	24.0	6.0	21.0	0.2264109462244084	0.060569228522496806
1.3397758118673906	cosine	24.0	0.0	3.0	0.2857974239226139	0.02519881865604328
1.9386888516564387	cosine	24.0	6.0	3.0	0.17444777823847862	0.11618577088949705
2.1616690675913377	cosine	24.0	6.0	21.0	0.30806735305944094	0.01747083493063007
1.6322526809084617	cosine	24.0	6.0	0.0	0.32724836504057303	0.012534194594043507
1.25315600656109	cosine	24.0	15.0	12.0	0.25156701695945766	0.04251378781533029
0.5299984013233348	cosine	24.0	3.0	12.0	0.38825031885400685	0.003930673389220724
0.08910811015173373	cosine	24.0	12.0	18.0	0.4721784379339522	0.0006134733017674978
0.7036138104713768	cosine	24.0	18.0	15.0	0.3116427225020147	0.016441424648025
0.20716402140943233	cosine	24.0	3.0	18.0	0.3142978771675294	0.015710968084713377
-0.3232088096135371	cosine	24.0	18.0	21.0	0.2558199378072597	0.039943065844359166
-0.19377402132723692	cosine	24.0	21.0	18.0	0.4288746016180531	0.0016619323581332764
-0.8841950384675439	cosine	24.0	18.0	21.0	0.19562701126437507	0.09024213396007019
1.2584896442810258	cosine	24.0	18.0	3.0	0.20336921463781313	0.08192052243423542
1.032740372079637	cosine	24.0	6.0	15.0	0.5456132638522629	9.375448190449503e-05
1.3514731705150824	cosine	24.0	12.0	18.0	0.1648877084848722	0.12948609931689714
-1.0660121620796257	cosine	24.0	6.0	12.0	0.3509026423910373	0.008146509643390648
-2.019175395814175	cosine	24.0	3.0	0.0	0.26352749478578685	0.03560678181850737
-1.4488187561227683	cosine	24.0	9.0	12.0	0.34035878859600477	0.009900396537324115
-0.8382696001425827	cosine	24.0	21.0	15.0	0.13090722638307875	0.18507488909218733
0.10249366355045661	cosine	24.0	6.0	3.0	0.24125756564895978	0.04930266217726652
-0.675768402341138	cosine	24.0	3.0	6.0	0.21898763651213274	0.06691183000253088
1.8355552792253629	cosine	24.0	15.0	18.0	0.25156701695945766	0.04251378781533029
-0.5910178146042367	cosine	24.0	21.0	0.0	0.2551359238183474	0.04034778682105685
0.20566795900417925	cosine	24.0	0.0	21.0	0.21076445880646086	0.0745247925817003
0.021756344703936732	cosine	24.0	9.0	6.0	0.27198694902268655	0.031299660183120276
-0.7263269693551827	cosine	24.0	9.0	12.0	0.13090722638307875	0.18507488909218733
-1.7040857110960108	cosine	24.0	3.0	0.0	0.30806735305944094	0.01747083493063007
0.5340497067431311	cosine	24.0	0.0	21.0	0.29950738883023387	0.02016114215609676
-0.4891938707799185	cosine	24.0	21.0	0.0	0.33648360967347263	0.010623344634627566
-0.37479564716775565	cosine	24.0	18.0	21.0	0.18057877962865393	0.10818374624007071
0.3091855024444341	cosine	24.0	6.0	3.0	0.19671770737530567	0.08903321910476264
-1.0553143354382535	cosine	24.0	21.0	0.0	0.24774067964969962	0.04493949144849353
1.486199183620949	cosine	24.0	21.0	0.0	0.2699264121556429	0.03230693818080994
-0.675049686463936	cosine	24.0	21.0	0.0	0.3142978771675294	0.015710968084713377
-0.2982084160608133	cosine	24.0	3.0	6.0	0.2338342559366841	0.05470697449766232
-0.6436670730873493	cosine	24.0	0.0	3.0	0.24125756564895978	0.04930266217726652
0.8979543076789077	cosine	24.0	3.0	6.0	0.18929439766303	0.09750285144846599
-1.4669617218764324	cosine	24.0	12.0	15.0	0.34168057527329326	0.009663826561076
-1.6200542619432674	cosine	24.0	0.0	21.0	0.2551359238183474	0.04034778682105685
-0.8958124701428172	cosine	24.0	0.0	3.0	0.36003052104537075	0.00685497779106477
0.7541362288160833	cosine	24.0	6.0	0.0	0.2751861251477546	0.029787333680552044
-0.6938373337006235	cosine	24.0	9.0	12.0	0.2954763109789492	0.021545066942792488
-0.6869936720193719	cosine	24.0	0.0	21.0	0.34387885384212036	0.009281315096840078
-0.5318212873910139	cosine	24.0	3.0	0.0	0.17444777823847862	0.11618577088949705
0.06757299909196747	cosine	24.0	0.0	21.0	0.23295019131240413	0.055380662873957556
-1.3831489336401397	cosine	24.0	15.0	12.0	0.10137775310306503	0.24383056159149213
-0.3288125629876549	cosine	24.0	15.0	18.0	0.17647238503126134	0.1134981303078686
-0.21466280422132708	cosine	24.0	9.0	6.0	0.25708355455569004	0.03920408275739036
1.4371017740244987	cosine	24.0	18.0	15.0	0.3717184280445718	0.005467174495423315
0.3644245365182069	cosine	24.0	18.0	15.0	0.14643453225998282	0.15805277010113494
-0.8697472050123671	cosine	24.0	21.0	12.0	0.34650392135766916	0.008841950715020211
1.7634950589559302	cosine	24.0	9.0	12.0	0.24311342042571768	0.04802044059311893
-2.6409473119620657	cosine	24.0	3.0	6.0	0.2338342559366841	0.05470697449766232
-0.05349264620235463	cosine	24.0	21.0	12.0	0.3614073158246657	0.006676747380572879
-0.9083757464875805	cosine	24.0	9.0	12.0	0.2580742462980696	0.03863252516949062
0.8721274542399957	cosine	24.0	21.0	18.0	0.2783922852608415	0.028333032653019858
-1.0381642281056154	cosine	24.0	6.0	9.0	0.31669713242367614	0.015075032280515356
-0.03957780788669464	cosine	24.0	0.0	21.0	0.24034543548105186	0.04994280222373064
-1.785878628166359	cosine	24.0	9.0	6.0	0.1676631877537109	0.12552046793508637
-1.6809252179304668	cosine	24.0	15.0	0.0	0.5657361789015529	5.3743443470880986e-05
0.39670834119857656	cosine	24.0	21.0	18.0	0.24077170617153856	0.0496428218829794
1.9719115613116807	cosine	24.0	9.0	12.0	0.34035878859600477	0.009900396537324115
0.8415784783304813	cosine	24.0	9.0	6.0	0.3390522241241709	0.010139196014009982
-0.4748028632965453	cosine	24.0	6.0	3.0	0.3377605919085437	0.010380190257282039
0.8103683488325181	cosine	24.0	6.0	0.0	0.20081149672944254	0.08460315962917975
0.7184105478996116	cosine	24.0	6.0	9.0	0.227276765621697	0.05986116155126607
0.952825993276219	cosine	24.0	6.0	9.0	0.2645352517891883	0.03506947273840929
-0.0758534176001193	cosine	24.0	6.0	3.0	0.2932207336348896	0.022353887279688553
-0.002832200361211297	cosine	24.0	18.0	3.0	0.4178312955285979	0.0021150055896341437
1.1888254519768413	cosine	24.0	9.0	12.0	0.3029567239151251	0.019037505968002938
-0.2895879595427915	cosine	24.0	15.0	18.0	0.2590764801522773	0.03806123580744964
-0.08406128177964986	cosine	24.0	3.0	9.0	0.19337403388761132	0.0927778374767943
0.8396424004896895	cosine	24.0	0.0	3.0	0.3377605919085437	0.010380190257282039
-1.1432766999493038	cosine	24.0	6.0	21.0	0.32291397248399234	0.01352921307913464
1.1373501556254952	cosine	24.0	9.0	3.0	0.3198109021987418	0.014282791544260957
0.08250840303172584	cosine	24.0	6.0	12.0	0.3434366287231429	0.009357182198009475
0.22014123809334768	cosine	24.0	21.0	0.0	0.21815970297510862	0.06764995867882109
0.2294819385732963	cosine	24.0	6.0	9.0	0.25708355455569004	0.03920408275739036
-0.34455619291827627	cosine	24.0	9.0	12.0	0.15334846519160655	0.14689908245619482
-1.9929081954985803	cosine	24.0	3.0	15.0	0.3690665122217134	0.00575805764378841
-0.7156054318972823	cosine	24.0	9.0	6.0	0.16021149052021263	0.13636216882002333
0.26037595102089933	cosine	24.0	18.0	21.0	0.29344051689656264	0.02227396573589996
0.8093460409994399	cosine	24.0	18.0	15.0	0.24405755376663804	0.047378451921575866
0.9755398081021575	cosine	24.0	6.0	0.0	0.290061050831417	0.023529860808762543
2.104060633417362	cosine	24.0	18.0	3.0	0.4104360513599501	0.0024782190637700975
1.0240485141293452	cosine	24.0	15.0	18.0	0.2816048697307362	0.026935575910470858
-0.08125389640415712	cosine	24.0	6.0	3.0	0.21156432679985704	0.0737564416596048
0.5524972310443854	cosine	24.0	18.0	12.0	0.1873723960055366	0.09978909481037329
-1.4742677953384773	cosine	24.0	0.0	3.0	0.18929439766303	0.09750285144846599
-1.2888031301064928	cosine	24.0	0.0	6.0	0.2826235879895858	0.026504638918733395
0.8850705390718168	cosine	24.0	18.0	0.0	0.4354984844216218	0.001434531998309761
-0.3378664648852726	cosine	24.0	9.0	12.0	0.14586805225543062	0.15899064436178167
-2.994383893087084	cosine	24.0	12.0	9.0	0.1683092910639584	0.12460960164846763
-0.6305295804096899	cosine	24.0	3.0	9.0	0.19337403388761132	0.0927778374767943
-0.8329931121096382	cosine	24.0	3.0	18.0	0.28471690049293835	0.0256371939762934
-0.07207125886766418	cosine	24.0	0.0	21.0	0.34387885384212036	0.009281315096840078
0.6579744572098957	cosine	24.0	9.0	18.0	0.1299079199648245	0.18690708075242085
2.857715463927324	cosine	24.0	12.0	6.0	0.2613104783763044	0.03681260452934408
0.37501479889129125	cosine	24.0	18.0	3.0	0.15160250545727888	0.14966458474778954
-1.693904636665903	cosine	24.0	0.0	3.0	0.17444777823847862	0.11618577088949705
1.9659249786941808	cosine	24.0	18.0	15.0	0.20651023780253988	0.07871439991892487
-0.5659988503817898	cosine	24.0	18.0	21.0	0.51916399143238	0.00018956214755187466
0.9847540380460695	cosine	24.0	6.0	9.0	0.1825665822207074	0.1056765215839412
-0.32577589434960913	cosine	24.0	9.0	3.0	0.3123734393569106	0.016237554289091953
1.1596936407056535	cosine	24.0	3.0	6.0	0.2561041850735112	0.03977585423405737
0.16421289408766016	cosine	24.0	3.0	6.0	0.19671770737530567	0.08903321910476264
-0.5689033745842507	cosine	24.0	12.0	3.0	0.3808550746853591	0.004562440916140081
0.450732423997249	cosine	24.0	18.0	15.0	0.18398184822408098	0.10391722445107726
-0.6060266931286148	cosine	24.0	6.0	9.0	0.21982506838819874	0.06617158668631351
1.014954463043847	cosine	24.0	9.0	12.0	0.28051548510659735	0.027402861731981906
2.5589524150066025	cosine	24.0	15.0	12.0	0.17647238503126134	0.1134981303078686
0.8470705145740649	cosine	24.0	15.0	12.0	0.19900077460972024	0.08654178804169727
-1.051421259532145	cosine	24.0	21.0	0.0	0.21076445880646086	0.0745247925817003
-0.5253753523042785	cosine	24.0	15.0	18.0	0.16145345864562208	0.13451203512311516
-0.042322462618406005	cosine	24.0	0.0	3.0	0.18929439766303	0.09750285144846599
-0.9320725789624095	cosine	24.0	9.0	6.0	0.3092454351901779	0.01712572740233685
-0.33398549761865237	cosine	24.0	9.0	6.0	0.1453080960532161	0.15992129427517754
0.9230310161953604	cosine	24.0	9.0	12.0	0.31043713685130103	0.016782574144907064
2.160756597024377	cosine	24.0	18.0	15.0	0.19900077460972024	0.08654178804169727
-0.7560345850957658	cosine	24.0	6.0	9.0	0.12295300435272132	0.19996727842991724
0.49043399687429107	cosine	24.0	3.0	6.0	0.2561041850735112	0.03977585423405737
-0.6312314964728064	cosine	24.0	9.0	6.0	0.2794386462561848	0.02787139059585182
0.7777682884205054	cosine	24.0	3.0	0.0	0.24868087536123548	0.04433336645633893
-0.07540550073593165	cosine	24.0	6.0	3.0	0.2264109462244084	0.060569228522496806
0.08390515434423804	cosine	24.0	0.0	21.0	0.3142978771675294	0.015710968084713377
1.755719826353527	cosine	24.0	12.0	6.0	0.1418542596899938	0.16574018075105934
-2.3000097486976285	cosine	24.0	21.0	0.0	0.2699264121556429	0.03230693818080994
-0.1094651099682713	cosine	24.0	3.0	0.0	0.2857974239226139	0.02519881865604328
-0.14618706975133655	cosine	24.0	21.0	15.0	0.1608288781277825	0.13544029453589856
-3.4310045682018213	cosine	24.0	18.0	21.0	0.29344051689656264	0.02227396573589996
1.4863888206440607	cosine	24.0	0.0	6.0	0.5354973246118467	0.00012317601327715055
-1.1772862721383854	cosine	24.0	3.0	6.0	0.37487714046992215	0.0051377970621272195
-0.10417192313942861	cosine	24.0	21.0	0.0	0.17378823796322213	0.11707097859576515
0.4969268585903675	cosine	24.0	0.0	15.0	0.21076445880646086	0.0745247925817003
0.46943150051333116	cosine	24.0	12.0	15.0	0.20651023780253988	0.07871439991892487
-0.9657026281680744	cosine	24.0	9.0	21.0	0.47138016672950606	0.0006253118123086274
1.1627405366061385	cosine	24.0	12.0	18.0	0.23234177104686538	0.055848093948642805
-1.3440199330356493	cosine	24.0	6.0	3.0	0.330337282196268	0.011864341762666228
-2.0045656007653716	cosine	24.0	9.0	6.0	0.17511488498720915	0.11529525052334588
-0.30579839353968763	cosine	24.0	21.0	18.0	0.3461093276215867	0.008906808161730659
1.161399702752983	cosine	24.0	21.0	15.0	0.2730350721704214	0.03079734328122759
0.16851642888715093	cosine	24.0	9.0	3.0	0.23799881093859857	0.05162016738148153
0.9938502111165282	cosine	24.0	3.0	0.0	0.13733122967710018	0.17356475677209343
-1.6355620896064336	cosine	24.0	3.0	6.0	0.3377605919085437	0.010380190257282039
-0.7359093114308536	cosine	24.0	21.0	15.0	0.35531961446835664	0.007497010747590814
0.3790262002268246	cosine	24.0	15.0	12.0	0.16896292183844172	0.12369283503412826
-0.5772950398171618	cosine	24.0	18.0	12.0	0.34476520865018734	0.009130873203981702
-0.5987462262381483	cosine	24.0	6.0	9.0	0.21237337115470045	0.07298545049751572
-2.906232352413263	cosine	24.0	9.0	0.0	0.2699264121556429	0.03230693818080994
-1.599889545523808	cosine	24.0	6.0	9.0	0.2943420407231813	0.021948655444004782
-0.7843850410395644	cosine	24.0	15.0	12.0	0.34168057527329326	0.009663826561076
0.7274123785898584	cosine	24.0	3.0	21.0	0.2583465585551994	0.03847661585264555
1.1270329581671603	cosine	24.0	9.0	6.0	0.23472846285519525	0.05403216505640069
-0.5446985479590198	cosine	24.0	21.0	18.0	0.36115755925730786	0.006708771770159142
1.1580478771869671	cosine	24.0	21.0	3.0	0.3173972005106735	0.014893695995628085
0.42001217602467583	cosine	24.0	12.0	15.0	0.16896292183844172	0.12369283503412826
-0.266118726256642	cosine	24.0	9.0	6.0	0.24963185732219176	0.04372700742698232
0.5740414506114696	cosine	24.0	18.0	3.0	0.1885787263005176	0.09834961988888624
-2.0188186305311286	cosine	24.0	6.0	9.0	0.31669713242367614	0.015075032280515356
0.06696017893401164	cosine	24.0	0.0	3.0	0.24125756564895978	0.04930266217726652
1.0808066061692008	cosine	24.0	0.0	21.0	0.09983579627674462	0.24715262459262943
-1.9229891118722686	cosine	24.0	9.0	3.0	0.2603111994640922	0.03736692036454452
-0.5719296445132075	cosine	24.0	21.0	18.0	0.18810289544651448	0.09891558665411498
-0.15080285332485277	cosine	24.0	15.0	12.0	0.2590764801522773	0.03806123580744964
1.112522798547819	cosine	24.0	21.0	12.0	0.3241488296571744	0.013239016787172118
-0.8176552794129113	cosine	24.0	18.0	15.0	0.22152916418817914	0.06468486429452701
-0.6947253204820403	cosine	24.0	18.0	15.0	0.34168057527329326	0.009663826561076
-0.9691197156876593	cosine	24.0	3.0	15.0	0.3838291727105819	0.00429821088254844
0.059266643344191586	cosine	24.0	0.0	3.0	0.21898763651213274	0.06691183000253088
0.25590060727803815	cosine	24.0	6.0	0.0	0.3421232907242354	0.009585702427533002
1.5058234030522701	cosine	24.0	9.0	12.0	0.317917549787477	0.014760129652761701
-1.6953878591982858	cosine	24.0	15.0	6.0	0.2932207336348896	0.022353887279688553
0.23213813770735306	cosine	24.0	12.0	9.0	0.317917549787477	0.014760129652761701
2.7458717609850702	cosine	24.0	6.0	3.0	0.19671770737530567	0.08903321910476264
-0.13361131278415236	cosine	24.0	21.0	18.0	0.30848874853228375	0.01734671524348048
-0.70316850966095	cosine	24.0	12.0	15.0	0.4543225231655877	0.0009344907811765314
-0.32612628987728853	cosine	24.0	12.0	9.0	0.4450845697024678	0.0011554745608711849
-2.3446171430012774	cosine	24.0	18.0	6.0	0.39268956495237534	0.003590211202373994
-0.7468362334960298	cosine	24.0	15.0	18.0	0.3792278912373914	0.004713061061363689
0.19193558035857736	cosine	24.0	15.0	12.0	0.20651023780253988	0.07871439991892487
-0.21171762786008336	cosine	24.0	0.0	21.0	0.35127409801076814	0.008090044838256295
-0.5906397171642584	cosine	24.0	3.0	12.0	0.29950738883023387	0.02016114215609676
-0.046452611649196916	cosine	24.0	0.0	3.0	0.1818710879507543	0.10654892958100276
0.8150181581031171	cosine	24.0	9.0	6.0	0.25708355455569004	0.03920408275739036
-0.7753254326618177	cosine	24.0	9.0	12.0	0.1608288781277825	0.13544029453589856
1.7858218430147124	cosine	24.0	9.0	15.0	0.20158236903314908	0.08378779091821886
-0.25596956920594416	cosine	24.0	15.0	18.0	0.3341711120804736	0.011076319946854101
-0.2501372713598314	cosine	24.0	18.0	15.0	0.31915218569483433	0.014447331991700058
0.30443756414175255	cosine	24.0	12.0	3.0	0.3142978771675294	0.015710968084713377
-0.4446093370025539	cosine	24.0	18.0	21.0	0.3235369801680049	0.01338212467957003
1.4141031039830123	cosine	24.0	3.0	6.0	0.1818710879507543	0.10654892958100276
-0.03980745616873854	cosine	24.0	15.0	12.0	0.25156701695945766	0.04251378781533029
-0.5326597062319117	cosine	24.0	6.0	0.0	0.11156194262746807	0.22250670710945153
-0.011420505119231638	cosine	24.0	0.0	9.0	0.28471690049293835	0.0256371939762934
0.24405859096379798	cosine	24.0	21.0	0.0	0.16639299379457437	0.12732468937632635
-0.7488110715414076	cosine	24.0	12.0	9.0	0.28051548510659735	0.027402861731981906
-1.783182129687371	cosine	24.0	3.0	6.0	0.15960115881392725	0.1372777177333498
-0.34083504816020155	cosine	24.0	15.0	0.0	0.3216931213361771	0.01382149916799702
-0.5619372799622525	cosine	24.0	12.0	15.0	0.2140197009953595	0.07143562183788349
0.06736117614836167	cosine	24.0	6.0	3.0	0.19671770737530567	0.08903321910476264
1.373592884406023	cosine	24.0	9.0	15.0	0.17171831436157145	0.11988014354567555
0.1336134065071115	cosine	24.0	3.0	9.0	0.23799881093859857	0.05162016738148153
-0.7364948847382244	cosine	24.0	0.0	21.0	0.18118348213186988	0.10741654185240362
-0.22946671302689653	cosine	24.0	9.0	12.0	0.3852412662130603	0.004177612898480811
1.5880202436149145	cosine	24.0	3.0	0.0	0.330337282196268	0.011864341762666228
1.011760824077661	cosine	24.0	15.0	3.0	0.4797864658882274	0.0005105902815141257
-1.2128735905539434	cosine	24.0	0.0	3.0	0.2932207336348896	0.022353887279688553
-0.24188751723817498	cosine	24.0	3.0	21.0	0.2878718795329364	0.024374796195956446
2.000035927434402	cosine	24.0	12.0	9.0	0.3253979627236529	0.012950952528887621
0.10670886672319428	cosine	24.0	21.0	18.0	0.19562701126437507	0.09024213396007019
0.8819094612519603	cosine	24.0	21.0	0.0	0.18118348213186988	0.10741654185240362
0.04217390616610229	cosine	24.0	18.0	0.0	0.4797864658882274	0.0005105902815141257
-0.8917192078241432	cosine	24.0	0.0	21.0	0.29211214466158614	0.02276070879876716
2.431692081961984	cosine	24.0	15.0	18.0	0.2140197009953595	0.07143562183788349
-0.4404084832587116	cosine	24.0	18.0	15.0	0.18398184822408098	0.10391722445107726
1.9550869242602822	cosine	24.0	15.0	12.0	0.2891143329235558	0.023892184636934675
0.2808541527374267	cosine	24.0	9.0	6.0	0.2049216739212022	0.08032379819344765
-1.3160486431641447	cosine	24.0	18.0	0.0	0.16238926537755388	0.1331294177656946
-0.28014435416401795	cosine	24.0	15.0	18.0	0.36420896485175214	0.006326666384439039
-0.8522111955231096	cosine	24.0	18.0	15.0	0.2891143329235558	0.023892184636934675
0.7776311718145908	cosine	24.0	21.0	12.0	0.48808616879413613	0.00041671725019706124
1.7788629486848537	cosine	24.0	21.0	18.0	0.3385852118037261	0.01022576234529446
-0.34964092906634064	cosine	24.0	6.0	9.0	0.24963185732219176	0.04372700742698232
-1.3586173441809142	cosine	24.0	0.0	15.0	0.3142978771675294	0.015710968084713377
0.3745770099821112	cosine	24.0	18.0	21.0	0.4063022541644713	0.0027049886032067413
0.41478367448643993	cosine	24.0	15.0	12.0	0.3041332593091951	0.01866662856252859
-0.6860992808593005	cosine	24.0	9.0	12.0	0.2730350721704214	0.03079734328122759
-0.758791975030556	cosine	24.0	18.0	0.0	0.4502611449104903	0.0010263673653035312
0.2216068597533339	cosine	24.0	0.0	3.0	0.32291397248399234	0.01352921307913464
-0.1996677031080938	cosine	24.0	15.0	12.0	0.25156701695945766	0.04251378781533029
-0.5476939249623262	cosine	24.0	12.0	9.0	0.21319176868101397	0.07221183733783956
0.8319054063714402	cosine	24.0	6.0	18.0	0.25191406053548604	0.04229912003936556
-0.20945517245295367	cosine	24.0	9.0	12.0	0.13838763931925468	0.17171651217030293
-0.009459914865341187	cosine	24.0	3.0	15.0	0.4502611449104903	0.0010263673653035312
-1.026844493849141	cosine	24.0	9.0	0.0	0.23295019131240413	0.055380662873957556
2.873979727418351	cosine	24.0	3.0	18.0	0.21815970297510862	0.06764995867882109
1.6053978998372778	cosine	24.0	0.0	18.0	0.22143990733302804	0.06476208627439409
-0.5202435014942317	cosine	24.0	3.0	12.0	0.18118348213186988	0.10741654185240362
-0.4176441430535484	cosine	24.0	18.0	21.0	0.2257234745358174	0.061136095767155875
0.20585002183670656	cosine	24.0	12.0	6.0	0.6122131207673417	1.3872908224393159e-05
0.10851587846489853	cosine	24.0	0.0	21.0	0.2625311679869951	0.03614461188618968
-0.6871666961949507	cosine	24.0	21.0	3.0	0.16977059562198815	0.12256654833167985
-0.8603187304606916	cosine	24.0	21.0	0.0	0.22555494714375637	0.0612756889104502
0.709849551364477	cosine	24.0	12.0	15.0	0.22152916418817914	0.06468486429452701
0.8309662977257468	cosine	24.0	3.0	0.0	0.21898763651213274	0.06691183000253088
0.4443460583353511	cosine	24.0	9.0	15.0	0.23891243737262113	0.050961859814427864
-0.29920234955802283	cosine	24.0	21.0	12.0	0.4135691964591535	0.0023179539834495147
-0.33407486504093087	cosine	24.0	15.0	21.0	0.23563300748954177	0.05335627493079011
1.7081044343582157	cosine	24.0	18.0	9.0	0.2338342559366841	0.05470697449766232
1.2640015001553455	cosine	24.0	9.0	0.0	0.2551359238183474	0.04034778682105685
1.324379940806502	cosine	24.0	15.0	12.0	0.3566995016589325	0.007303677061155208
-0.6239385910571237	cosine	24.0	0.0	3.0	0.17444777823847862	0.11618577088949705
-0.008271564516127804	cosine	24.0	21.0	3.0	0.30263454002180495	0.019140153805216078
-0.43957554296395107	cosine	24.0	3.0	6.0	0.3526072113330951	0.00789022129915346
0.2805610717663729	cosine	24.0	12.0	18.0	0.23983666688708685	0.050302729438385485
-0.021117437856436154	cosine	24.0	6.0	9.0	0.24963185732219176	0.04372700742698232
-0.43368513830103106	cosine	24.0	0.0	21.0	0.35127409801076814	0.008090044838256295
0.5938092030286553	cosine	24.0	18.0	21.0	0.2783922852608415	0.028333032653019858
-0.3548435582638665	cosine	24.0	0.0	3.0	0.18929439766303	0.09750285144846599
0.07065730297698965	cosine	24.0	21.0	12.0	0.23472846285519525	0.05403216505640069
2.175948003141316	cosine	24.0	0.0	6.0	0.2751861251477546	0.029787333680552044
0.0007811153874128834	cosine	24.0	3.0	0.0	0.10763799082799744	0.23059422607029073
-0.4446317306624822	cosine	24.0	21.0	6.0	0.37487714046992215	0.0051377970621272195
2.4203916867365525	cosine	24.0	9.0	6.0	0.19746997668770394	0.08820646422125328
0.2082144174660138	cosine	24.0	6.0	9.0	0.21237337115470045	0.07298545049751572
-1.091776977877652	cosine	24.0	3.0	0.0	0.21898763651213274	0.06691183000253088
-0.4627058934009062	cosine	24.0	0.0	21.0	0.1589977496259266	0.13818700065494172
0.8622724492136871	cosine	24.0	9.0	18.0	0.2709508044980625	0.03180287707901677
-1.3145483844140426	cosine	24.0	12.0	15.0	0.26658594334509694	0.03399663812377356
0.6886319842904541	cosine	24.0	12.0	15.0	0.22903862738099875	0.05844034568396187
0.19879928828756777	cosine	24.0	15.0	9.0	0.2165143963689379	0.06913545510964812
-0.37540735857765895	cosine	24.0	21.0	0.0	0.21076445880646086	0.0745247925817003
0.5607244922684099	cosine	24.0	0.0	21.0	0.24774067964969962	0.04493949144849353
-0.16316554164250988	cosine	24.0	12.0	15.0	0.20651023780253988	0.07871439991892487
1.7087039937780597	cosine	24.0	18.0	21.0	0.27086816944298087	0.031843296004397496
-0.451808306950853	cosine	24.0	18.0	12.0	0.30729072944908004	0.017701572158703112
-0.45070087965150374	cosine	24.0	6.0	3.0	0.36003052104537075	0.00685497779106477
-0.15679139182196394	cosine	24.0	18.0	3.0	0.35127409801076814	0.008090044838256295
0.0233234017674128	cosine	24.0	12.0	18.0	0.14989791680442927	0.15239786093754165
-0.29386519931014615	cosine	24.0	3.0	0.0	0.1299079199648245	0.18690708075242085
-0.5659455903511003	cosine	24.0	0.0	21.0	0.19597397046916537	0.08985625322931617
2.256451463872502	cosine	24.0	21.0	0.0	0.21076445880646086	0.0745247925817003
1.1391421663703043	cosine	24.0	21.0	3.0	0.16977059562198815	0.12256654833167985
0.0560247943346164	cosine	24.0	15.0	12.0	0.24405755376663804	0.047378451921575866
-0.992747155496285	cosine	24.0	15.0	12.0	0.3041332593091951	0.01866662856252859
0.29773277133949133	cosine	24.0	15.0	18.0	0.22903862738099875	0.05844034568396187
-0.7899583656678836	cosine	24.0	12.0	15.0	0.36420896485175214	0.006326666384439039
0.005771122838791556	cosine	24.0	18.0	15.0	0.4317941335871288	0.0015579361924007947
0.9970374209472553	cosine	24.0	15.0	6.0	0.3823004501821978	0.004432269204779407
2.3586634325496973	cosine	24.0	12.0	9.0	0.36280002740453254	0.006500636034123981
-1.2336845358892263	cosine	24.0	3.0	0.0	0.24125756564895978	0.04930266217726652
0.9795196323395018	cosine	24.0	6.0	3.0	0.4045703793190249	0.002805441148677372
-0.8799900556319584	cosine	24.0	6.0	9.0	0.27198694902268655	0.031299660183120276
-0.11331975919388139	cosine	24.0	21.0	15.0	0.18327011693631026	0.10479929422810885
0.1779577145447766	cosine	24.0	18.0	15.0	0.386737354430211	0.004053152147956198
-1.2123818687491548	cosine	24.0	15.0	9.0	0.24637845104051553	0.04582950804198322
0.4489303182613687	cosine	24.0	12.0	9.0	0.22815259455336584	0.059151522051165605
0.22528514081368006	cosine	24.0	6.0	12.0	0.20158236903314908	0.08378779091821886
1.3920267093428624	cosine	24.0	6.0	21.0	0.3451839016208194	0.009060553512911972
-1.08105901147558	cosine	24.0	12.0	9.0	0.2206721816171899	0.0654292553875976
0.8551828621705034	cosine	24.0	0.0	6.0	0.22312388525493615	0.06331718635548518
-0.22319935840248284	cosine	24.0	3.0	6.0	0.21898763651213274	0.06691183000253088
1.2890105523675999	cosine	24.0	9.0	12.0	0.22815259455336584	0.059151522051165605
-0.1523076611945196	cosine	24.0	12.0	6.0	0.25384446470840993	0.04112100111304758
1.454108937669626	cosine	24.0	21.0	9.0	0.5604598832768143	6.229433038136732e-05
0.23752052580701416	cosine	24.0	9.0	6.0	0.13785639881971784	0.1726443686722099
-0.4802177076673627	cosine	24.0	0.0	3.0	0.30064404334716527	0.019784814684414773
-0.7271452692844527	cosine	24.0	6.0	9.0	0.21982506838819874	0.06617158668631351
-2.0676174374347993	cosine	24.0	6.0	3.0	0.21898763651213274	0.06691183000253088
1.4458502676635785	cosine	24.0	9.0	6.0	0.23472846285519525	0.05403216505640069
1.4504681622483904	cosine	24.0	12.0	21.0	0.37631071029166224	0.0049942265676904355
0.7326409014502221	cosine	24.0	6.0	9.0	0.3837624075251605	0.00430398916286051
1.0672772745515402	cosine	24.0	12.0	3.0	0.09244055210809687	0.2634159933036787
-0.6968707687501665	cosine	24.0	18.0	6.0	0.2667325346846323	0.0339209928593535
1.0678237705215083	cosine	24.0	9.0	12.0	0.1907505298724862	0.09579651477177781
0.015523137607952481	cosine	24.0	6.0	9.0	0.2645352517891883	0.03506947273840929
-0.38600095640993964	cosine	24.0	21.0	9.0	0.32291397248399234	0.01352921307913464
1.1169641373736905	cosine	24.0	21.0	0.0	0.15160250545727888	0.14966458474778954
-0.09123312194650245	cosine	24.0	15.0	12.0	0.15394399545280243	0.1459636853800239
-0.465741859921976	cosine	24.0	21.0	3.0	0.26572788879963366	0.03444220575113408
-1.3577037651266595	cosine	24.0	18.0	0.0	0.17715192586642242	0.11260606365924808
-1.466514441628826	cosine	24.0	21.0	18.0	0.31601286435014436	0.015254106285572607
2.094552500194665	cosine	24.0	18.0	6.0	0.43714498739981406	0.0013826018302867478
-1.1397863861119901	cosine	24.0	9.0	12.0	0.2580742462980696	0.03863252516949062
-0.3366523907030217	cosine	24.0	15.0	9.0	0.31357257405156524	0.01590768779332286
0.40394443177905276	cosine	24.0	12.0	15.0	0.22903862738099875	0.05844034568396187
1.0910703859052993	cosine	24.0	21.0	18.0	0.46649518070735596	0.0007024729501357146
0.39319722152527237	cosine	24.0	21.0	15.0	0.2580742462980696	0.03863252516949062
2.3995216809944293	cosine	24.0	15.0	18.0	0.0938682899102454	0.2602341422708193
0.49598970516600904	cosine	24.0	18.0	21.0	0.29344051689656264	0.02227396573589996
-0.21143912326862496	cosine	24.0	6.0	18.0	0.20004940101347424	0.08541508118875585
0.7626555382072499	cosine	24.0	3.0	12.0	0.2551359238183474	0.04034778682105685
-1.1976359358243163	cosine	24.0	0.0	18.0	0.3469225214884106	0.008773600268086433
1.6744894163724666	cosine	24.0	15.0	12.0	0.2140197009953595	0.07143562183788349
0.8450845533814545	cosine	24.0	15.0	6.0	0.3451839016208194	0.009060553512911972
-1.0211844499719067	cosine	24.0	21.0	0.0	0.19597397046916537	0.08985625322931617
0.4006018874440622	cosine	24.0	21.0	3.0	0.2878718795329364	0.024374796195956446
0.23477849377310012	cosine	24.0	21.0	3.0	0.19191458635529096	0.09444831922890234
-0.7646093867196053	cosine	24.0	9.0	6.0	0.25708355455569004	0.03920408275739036
-0.7580547299368702	cosine	24.0	3.0	6.0	0.3823004501821978	0.004432269204779407
-0.7860992496264129	cosine	24.0	6.0	3.0	0.24125756564895978	0.04930266217726652
-0.9706824355711743	cosine	24.0	6.0	9.0	0.19001827945420569	0.09665182047357779
1.9700486324306032	cosine	24.0	9.0	6.0	0.398665801992157	0.003173715485591541
0.6666214371300397	cosine	24.0	15.0	18.0	0.14643453225998282	0.15805277010113494
1.356936829378346	cosine	24.0	15.0	18.0	0.27409540653791653	0.03029598352690821
-0.6871674876216005	cosine	24.0	6.0	9.0	0.33160052689067265	0.011599478395197028
-0.1454184403640518	cosine	24.0	6.0	3.0	0.2561041850735112	0.03977585423405737
-0.0007022923041865701	cosine	24.0	9.0	6.0	0.1825665822207074	0.1056765215839412
0.5872006174114539	cosine	24.0	9.0	15.0	0.49275690208103107	0.0003712015081336926
-0.031138878536932355	cosine	24.0	12.0	9.0	0.28799589804277326	0.02432625829671131
-1.07848251941842	cosine	24.0	6.0	0.0	0.21568642241310496	0.06989245255810622
-1.2867515108532892	cosine	24.0	0.0	3.0	0.31549066277171667	0.015391993660926931
0.4881881337236635	cosine	24.0	12.0	21.0	0.23472846285519525	0.05403216505640069
1.3970931079957594	cosine	24.0	15.0	18.0	0.3116427225020147	0.016441424648025
-1.1966795519608824	cosine	24.0	18.0	21.0	0.30848874853228375	0.01734671524348048
1.7925851664243178	cosine	24.0	18.0	15.0	0.17647238503126134	0.1134981303078686
1.044989387431677	cosine	24.0	15.0	9.0	0.32850460138735404	0.012257919988595213
2.316754924788858	cosine	24.0	12.0	3.0	0.28471690049293835	0.0256371939762934
-0.6956459233184363	cosine	24.0	0.0	6.0	0.252873736622261	0.041710063911116285
1.6576992509493707	cosine	24.0	15.0	12.0	0.16145345864562208	0.13451203512311516
0.04611839949981691	cosine	24.0	0.0	3.0	0.47138016672950606	0.0006253118123086274
-1.1657660343889467	cosine	24.0	18.0	0.0	0.3173972005106735	0.014893695995628085
0.7210937955541127	cosine	24.0	6.0	3.0	0.16702446852620292	0.12642548136726045
-1.060196642902143	cosine	24.0	18.0	15.0	0.25156701695945766	0.04251378781533029
-2.2986219041685247	cosine	24.0	18.0	21.0	0.21067524290009623	0.0746108704887449
0.8358706346514775	cosine	24.0	18.0	21.0	0.21819935871795682	0.06761446149507122
1.2095028556470289	cosine	24.0	6.0	9.0	0.10804960988572479	0.22973821551490692
1.0894394868916262	cosine	24.0	0.0	21.0	0.23295019131240413	0.055380662873957556
-0.12969331843071852	cosine	24.0	12.0	21.0	0.27198694902268655	0.031299660183120276
-0.5520215082908287	cosine	24.0	3.0	6.0	0.21898763651213274	0.06691183000253088
-0.12472041322530895	cosine	24.0	6.0	9.0	0.1825665822207074	0.1056765215839412
1.20426235336033	cosine	24.0	12.0	9.0	0.35531961446835664	0.007497010747590814
-0.9320045873641084	cosine	24.0	21.0	0.0	0.3734598305167114	0.005283338852544909
-0.4856280053806827	cosine	24.0	12.0	15.0	0.19900077460972024	0.08654178804169727
0.695653828006089	cosine	24.0	15.0	18.0	0.20651023780253988	0.07871439991892487
0.8627019126075692	cosine	24.0	15.0	18.0	0.3041332593091951	0.01866662856252859
-0.9242094682797923	cosine	24.0	6.0	3.0	0.3526072113330951	0.00789022129915346
1.9888328806207287	cosine	24.0	3.0	21.0	0.39859183319945046	0.003178592823322213
-1.0047756421432343	cosine	24.0	18.0	15.0	0.20651023780253988	0.07871439991892487
0.046676550265896316	cosine	24.0	12.0	15.0	0.22903862738099875	0.05844034568396187
1.0988606229320943	cosine	24.0	0.0	3.0	0.19671770737530567	0.08903321910476264
-0.4988304192701272	cosine	24.0	6.0	3.0	0.3823004501821978	0.004432269204779407
-0.11744906737955528	cosine	24.0	6.0	12.0	0.32103858771945964	0.013980433055581136
-2.257732751825817	cosine	24.0	21.0	18.0	0.24077170617153856	0.0496428218829794
-0.5302354096167378	cosine	24.0	6.0	12.0	0.23891243737262113	0.050961859814427864
-0.3852349970553493	cosine	24.0	0.0	21.0	0.2773216563242906	0.02881195020498228
0.5465124369707796	cosine	24.0	9.0	12.0	0.28051548510659735	0.027402861731981906
0.11452673580432472	cosine	24.0	0.0	3.0	0.19671770737530567	0.08903321910476264
-1.3158584167435476	cosine	24.0	18.0	15.0	0.2365480905738184	0.052679346147498834
-1.036565429719233	cosine	24.0	21.0	18.0	0.39877813834661074	0.003166321156986693
-1.0468480999598846	cosine	24.0	18.0	21.0	0.4439228332537742	0.001186420942755472
0.8479000697755213	cosine	24.0	21.0	0.0	0.2551359238183474	0.04034778682105685
0.36856705496836945	cosine	24.0	9.0	6.0	0.23472846285519525	0.05403216505640069
-1.8111739536669327	cosine	24.0	6.0	9.0	0.19746997668770394	0.08820646422125328
1.2396791228391084	cosine	24.0	18.0	0.0	0.22882123757746228	0.05861420943696903
-1.2211569957321418	cosine	24.0	0.0	3.0	0.20414101708758137	0.08112374916958642
-0.6149586986758456	cosine	24.0	18.0	21.0	0.09781350563218753	0.2515459716285492
1.4461519073541826	cosine	24.0	18.0	15.0	0.20651023780253988	0.07871439991892487
0.10229677240870451	cosine	24.0	9.0	0.0	0.2773216563242906	0.02881195020498228
-0.6964790866264498	cosine	24.0	12.0	18.0	0.35975500033063024	0.006891145241127548
-0.2886230045323482	cosine	24.0	9.0	18.0	0.21898763651213274	0.06691183000253088
0.45370907534840726	cosine	24.0	12.0	0.0	0.14024527464425107	0.16849709470074392
1.04014643257395	cosine	24.0	18.0	9.0	0.15960115881392725	0.1372777177333498
0.6652848100203552	cosine	24.0	9.0	15.0	0.47782487474524227	0.0005354677614061722
1.0425949676255637	cosine	24.0	3.0	0.0	0.19671770737530567	0.08903321910476264
-1.3364180284121971	cosine	24.0	21.0	0.0	0.17378823796322213	0.11707097859576515
-0.29004715985378127	cosine	24.0	6.0	9.0	0.27198694902268655	0.031299660183120276
0.8281080590972345	cosine	24.0	0.0	21.0	0.4252265396972456	0.0018007516288111659
-0.5413309466035539	cosine	24.0	15.0	18.0	0.1914913114169006	0.09493692298572759
0.690319650457525	cosine	24.0	3.0	6.0	0.19671770737530567	0.08903321910476264
0.9694592669923263	cosine	24.0	0.0	3.0	0.19671770737530567	0.08903321910476264
0.2922524445919797	cosine	24.0	15.0	12.0	0.2590764801522773	0.03806123580744964
-0.027555438596958165	cosine	24.0	0.0	6.0	0.18593657104578012	0.10152240598303947
1.2873240906524581	cosine	24.0	18.0	21.0	0.2558199378072597	0.039943065844359166
-2.115470645824792	cosine	24.0	12.0	0.0	0.22882123757746228	0.05861420943696903
-0.19829037396720475	cosine	24.0	6.0	15.0	0.37487714046992215	0.0051377970621272195
-0.4769669857372714	cosine	24.0	12.0	3.0	0.12202152878268788	0.2017571781780051
1.0252309658980436	cosine	24.0	9.0	6.0	0.24963185732219176	0.04372700742698232
0.18217320361223455	cosine	24.0	15.0	12.0	0.16145345864562208	0.13451203512311516
0.8553576303031766	cosine	24.0	0.0	3.0	0.21156432679985704	0.0737564416596048
0.4206320902948013	cosine	24.0	6.0	3.0	0.21156432679985704	0.0737564416596048
-2.0960727054188646	cosine	24.0	18.0	21.0	0.12790996890362985	0.19060375826163167
-0.37817376503941286	cosine	24.0	12.0	9.0	0.31043713685130103	0.016782574144907064
-0.38548222300632756	cosine	24.0	18.0	21.0	0.21067524290009623	0.0746108704887449
-0.8792948527069195	cosine	24.0	15.0	3.0	0.33215986099954203	0.011483852877009561
1.5646924051582625	cosine	24.0	9.0	12.0	0.28799589804277326	0.02432625829671131
0.43842553297692616	cosine	24.0	0.0	21.0	0.24774067964969962	0.04493949144849353
1.860565829926458	cosine	24.0	6.0	3.0	0.20414101708758137	0.08112374916958642
0.4919033156047578	cosine	24.0	15.0	0.0	0.24034543548105186	0.04994280222373064
-0.6941935581086083	cosine	24.0	21.0	18.0	0.2558199378072597	0.039943065844359166
0.16492045948647796	cosine	24.0	12.0	15.0	0.3116427225020147	0.016441424648025
-1.1024207754769693	cosine	24.0	0.0	21.0	0.21076445880646086	0.0745247925817003
-0.7588382537967523	cosine	24.0	15.0	12.0	0.18398184822408098	0.10391722445107726
0.585499891281583	cosine	24.0	21.0	6.0	0.30806735305944094	0.01747083493063007
0.6395127296359225	cosine	24.0	0.0	21.0	0.1885787263005176	0.09834961988888624
-0.24106900863666206	cosine	24.0	21.0	3.0	0.2583465585551994	0.03847661585264555
-1.2171727002367452	cosine	24.0	0.0	3.0	0.1818710879507543	0.10654892958100276
-1.5354531317319824	cosine	24.0	12.0	9.0	0.17578970400013433	0.11439938205227845
-0.3410227836898113	cosine	24.0	0.0	21.0	0.3808550746853591	0.004562440916140081
0.8482510562832613	cosine	24.0	0.0	21.0	0.3586693421794159	0.0070353044355588755
0.377211954377076	cosine	24.0	3.0	0.0	0.21156432679985704	0.0737564416596048
-0.0993317554349369	cosine	24.0	0.0	3.0	0.30064404334716527	0.019784814684414773
-1.4141579121182497	cosine	24.0	12.0	9.0	0.1608288781277825	0.13544029453589856
-0.8538537537675727	cosine	24.0	21.0	0.0	0.1885787263005176	0.09834961988888624
-0.9229384354412825	cosine	24.0	21.0	0.0	0.3142978771675294	0.015710968084713377
-0.23687589271111353	cosine	24.0	21.0	18.0	0.3235369801680049	0.01338212467957003
-0.9890271978023989	cosine	24.0	3.0	21.0	0.2731092190440679	0.030762062328506853
1.0486160257074313	cosine	24.0	15.0	18.0	0.15394399545280243	0.1459636853800239
0.6580184151197266	cosine	24.0	18.0	15.0	0.13892506906716318	0.17078109313035117
0.5778892688329299	cosine	24.0	18.0	12.0	0.21735197936642245	0.06837611648478077
-1.756140666690018	cosine	24.0	15.0	12.0	0.3041332593091951	0.01866662856252859
0.2026280692015835	cosine	24.0	3.0	21.0	0.2583465585551994	0.03847661585264555
-0.12223726738650835	cosine	24.0	21.0	18.0	0.2257234745358174	0.061136095767155875
1.0807223061838813	cosine	24.0	12.0	9.0	0.28799589804277326	0.02432625829671131
1.39543852385368	cosine	24.0	0.0	3.0	0.21156432679985704	0.0737564416596048
-0.644901388819485	cosine	24.0	21.0	15.0	0.2730350721704214	0.03079734328122759
0.6884241768285958	cosine	24.0	12.0	18.0	0.3522601044904088	0.007941827497483006
-0.3467484926953197	cosine	24.0	12.0	6.0	0.47782487474524227	0.0005354677614061722
-0.42373154996433676	cosine	24.0	18.0	21.0	0.2633440536251203	0.03570531001355481
-0.02134638016892093	cosine	24.0	21.0	12.0	0.4359242881596483	0.0014209342667879036
-0.869997132875606	cosine	24.0	9.0	6.0	0.3017937379566796	0.019410252116110444
-0.5142100719815375	cosine	24.0	18.0	21.0	0.1504823163572116	0.15145707876053838
-0.7426507117418201	cosine	24.0	15.0	12.0	0.24405755376663804	0.047378451921575866
-0.5085973173004301	cosine	24.0	12.0	9.0	0.12342681344690283	0.19906049418466365
-1.2083074857913414	cosine	24.0	21.0	3.0	0.2509652283107651	0.042888118888463896
0.9158899446406434	cosine	24.0	3.0	21.0	0.2952532097773707	0.02162395005989455
0.8222814333011824	cosine	24.0	21.0	15.0	0.42264333089394	0.0019053409706262982
-1.1533528791245744	cosine	24.0	18.0	12.0	0.20236218768597952	0.08296897952321058
-0.1604146718821775	cosine	24.0	18.0	21.0	0.3385852118037261	0.01022576234529446
0.010902007540908728	cosine	24.0	15.0	12.0	0.3116427225020147	0.016441424648025
0.8158439837741351	cosine	24.0	21.0	0.0	0.4400170280345411	0.0012961112381875797
-0.2371151055472538	cosine	24.0	6.0	3.0	0.18929439766303	0.09750285144846599
-0.29634280097284954	cosine	24.0	18.0	15.0	0.326661648887654	0.01266506290239042
0.2689423338962427	cosine	24.0	3.0	21.0	0.3469225214884106	0.008773600268086433
0.43480081011261856	cosine	24.0	6.0	3.0	0.3526072113330951	0.00789022129915346
0.2095732475076462	cosine	24.0	3.0	6.0	0.24868087536123548	0.04433336645633893
-0.7004822432947159	cosine	24.0	12.0	15.0	0.22152916418817914	0.06468486429452701
-0.04106046205646516	cosine	24.0	15.0	12.0	0.2816048697307362	0.026935575910470858
0.07677372810994987	cosine	24.0	21.0	9.0	0.37487714046992215	0.0051377970621272195
0.22166029069015836	cosine	24.0	9.0	6.0	0.19746997668770394	0.08820646422125328
0.12332878500343819	cosine	24.0	9.0	6.0	0.21237337115470045	0.07298545049751572
-0.5174737974105033	cosine	24.0	3.0	9.0	0.2751861251477546	0.029787333680552044
-1.3160008193859491	cosine	24.0	18.0	21.0	0.3461093276215867	0.008906808161730659
-0.3921624052418356	cosine	24.0	18.0	21.0	0.28591640107870203	0.025150935058516143
-0.555010452654596	cosine	24.0	15.0	21.0	0.1683092910639584	0.12460960164846763
-0.9452445649484412	cosine	24.0	3.0	21.0	0.1845332561108567	0.10323755908592297
2.330312677435624	cosine	24.0	21.0	3.0	0.22143990733302804	0.06476208627439409
-0.8721182156117293	cosine	24.0	15.0	12.0	0.20651023780253988	0.07871439991892487
0.7208994914258976	cosine	24.0	6.0	0.0	0.3421232907242354	0.009585702427533002
-1.0568667619425334	cosine	24.0	21.0	18.0	0.21067524290009623	0.0746108704887449
0.9567051141066675	cosine	24.0	18.0	21.0	0.31601286435014436	0.015254106285572607
0.4701156580152952	cosine	24.0	15.0	18.0	0.14643453225998282	0.15805277010113494
-0.04607990644734747	cosine	24.0	15.0	21.0	0.28051548510659735	0.027402861731981906
-0.34651478717677536	cosine	24.0	0.0	3.0	0.18929439766303	0.09750285144846599
0.2052486962380222	cosine	24.0	21.0	3.0	0.2952532097773707	0.02162395005989455
-0.34077275579754446	cosine	24.0	15.0	12.0	0.13892506906716318	0.17078109313035117
-0.13282304652621144	cosine	24.0	21.0	9.0	0.18929439766303	0.09750285144846599
0.42662241289352587	cosine	24.0	18.0	0.0	0.23620256782189655	0.052934139906380795
-0.030113519594638625	cosine	24.0	18.0	21.0	0.27086816944298087	0.031843296004397496
-0.3734830571920921	cosine	24.0	9.0	3.0	0.2751861251477546	0.029787333680552044
0.45331505140756556	cosine	24.0	3.0	6.0	0.24868087536123548	0.04433336645633893
0.2748303638426445	cosine	24.0	21.0	6.0	0.20414101708758137	0.08112374916958642
0.5359152074885519	cosine	24.0	18.0	21.0	0.29344051689656264	0.02227396573589996
-0.5026425775042139	cosine	24.0	9.0	6.0	0.3241488296571744	0.013239016787172118
0.2848028622440135	cosine	24.0	18.0	15.0	0.3341711120804736	0.011076319946854101
-1.3279078654521712	cosine	24.0	18.0	9.0	0.24868087536123548	0.04433336645633893
-1.9012155677275477	cosine	24.0	15.0	21.0	0.3478392015321807	0.008625537378454924
-0.8074416755626911	cosine	24.0	12.0	9.0	0.3777608532768844	0.004852642849707168
-0.3791669317767267	cosine	24.0	12.0	15.0	0.29662379611637546	0.021143176383724687
-0.8589279771577172	cosine	24.0	18.0	6.0	0.1926401639389011	0.0936150726414316
-0.8029664421509175	cosine	24.0	0.0	3.0	0.18929439766303	0.09750285144846599
0.44430623679655656	cosine	24.0	21.0	18.0	0.31601286435014436	0.015254106285572607
0.7207183798186002	cosine	24.0	15.0	12.0	0.1914913114169006	0.09493692298572759
-0.17658489888400777	cosine	24.0	6.0	0.0	0.2603111994640922	0.03736692036454452
0.6191134320356703	cosine	24.0	9.0	15.0	0.29864054671577644	0.02045220334565448
-3.01261052981255	cosine	24.0	21.0	0.0	0.16639299379457437	0.12732468937632635
0.3406157642465795	cosine	24.0	0.0	3.0	0.15960115881392725	0.1372777177333498
-1.2077145829802782	cosine	24.0	15.0	21.0	0.3777608532768844	0.004852642849707168
-0.6360761893398325	cosine	24.0	21.0	15.0	0.34035878859600477	0.009900396537324115
-1.106452297883986	cosine	24.0	15.0	12.0	0.20651023780253988	0.07871439991892487
0.0355722016169067	cosine	24.0	18.0	12.0	0.2473315627273083	0.04520531538629516
2.3129387861475554	cosine	24.0	18.0	6.0	0.370461853728656	0.0056033368740936364
0.7708859240837598	cosine	24.0	0.0	21.0	0.21815970297510862	0.06764995867882109
-0.3219475087455375	cosine	24.0	15.0	9.0	0.30610656038367084	0.018058395440036235
-0.7410849581416298	cosine	24.0	9.0	15.0	0.25384446470840993	0.04112100111304758
-0.642640680448334	cosine	24.0	3.0	0.0	0.2857974239226139	0.02519881865604328
-0.27209199249481875	cosine	24.0	6.0	0.0	0.32724836504057303	0.012534194594043507
-0.31285355756338856	cosine	24.0	0.0	3.0	0.2857974239226139	0.02519881865604328
0.5165176508263939	cosine	24.0	3.0	9.0	0.252873736622261	0.041710063911116285
-1.3392215690111413	cosine	24.0	6.0	3.0	0.2561041850735112	0.03977585423405737
-0.8047703244422937	cosine	24.0	15.0	12.0	0.4017562808158503	0.002975859456052734
0.9688491772169396	cosine	24.0	9.0	6.0	0.2421801600886935	0.04866185976418303
-0.8442220077050774	cosine	24.0	18.0	12.0	0.2548264585675298	0.040531983826212474
-0.3403648716409834	cosine	24.0	0.0	6.0	0.33468582788240425	0.010974068511825539
-0.7294283948169167	cosine	24.0	12.0	9.0	0.2206721816171899	0.0654292553875976
0.40465304014161513	cosine	24.0	3.0	21.0	0.3173972005106735	0.014893695995628085
2.627495386115479	cosine	24.0	15.0	21.0	0.23563300748954177	0.05335627493079011
-0.4194256762848202	cosine	24.0	21.0	15.0	0.3927216791492363	0.0035878478178341827
1.1298786442681783	cosine	24.0	18.0	21.0	0.4514469490716348	0.0009987202463069857
0.15167455121584414	cosine	24.0	6.0	15.0	0.32291397248399234	0.01352921307913464
0.051766730235687536	cosine	24.0	3.0	6.0	0.2561041850735112	0.03977585423405737
-0.6825342273608238	cosine	24.0	0.0	6.0	0.2826235879895858	0.026504638918733395
1.286751839663791	cosine	24.0	18.0	15.0	0.2365480905738184	0.052679346147498834
-0.971549897781976	cosine	24.0	9.0	12.0	0.17578970400013433	0.11439938205227845
-0.7631168353387201	cosine	24.0	3.0	0.0	0.24125756564895978	0.04930266217726652
0.2712246294324725	cosine	24.0	21.0	3.0	0.3173972005106735	0.014893695995628085
1.0252049407901165	cosine	24.0	3.0	0.0	0.2709508044980625	0.03180287707901677
-0.532438536410528	cosine	24.0	6.0	12.0	0.12692223235420497	0.19244776603865038
-1.431778359625267	cosine	24.0	3.0	21.0	0.26572788879963366	0.03444220575113408
-0.04839984832570607	cosine	24.0	18.0	21.0	0.12790996890362985	0.19060375826163167
1.2808384589744182	cosine	24.0	18.0	15.0	0.34919003846611285	0.0084113441669734
1.8775187754577438	cosine	24.0	15.0	3.0	0.4354984844216218	0.001434531998309761
0.4880577042698765	cosine	24.0	9.0	6.0	0.31669713242367614	0.015075032280515356
0.7582616940314099	cosine	24.0	12.0	6.0	0.2762425057120932	0.02930147114696944
-0.3414556271807608	cosine	24.0	0.0	15.0	0.3734598305167114	0.005283338852544909
0.10515732874164128	cosine	24.0	18.0	21.0	0.10533762145004812	0.2354107865955294
-0.1782697882981597	cosine	24.0	18.0	12.0	0.28480604192841563	0.025600788696373288
-1.3787559027832679	cosine	24.0	18.0	15.0	0.22903862738099875	0.05844034568396187
0.9271194773634613	cosine	24.0	9.0	6.0	0.23472846285519525	0.05403216505640069
-0.4713854292548377	cosine	24.0	21.0	15.0	0.3852412662130603	0.004177612898480811
1.3377512723841414	cosine	24.0	18.0	21.0	0.28591640107870203	0.025150935058516143
0.9110223292642946	cosine	24.0	15.0	12.0	0.2816048697307362	0.026935575910470858
0.11877309164628179	cosine	24.0	0.0	3.0	0.21898763651213274	0.06691183000253088
-1.7005047499899768	cosine	24.0	3.0	9.0	0.24543627378042976	0.04645332880937976
-0.563390265198762	cosine	24.0	9.0	6.0	0.21237337115470045	0.07298545049751572
1.1357455087458448	cosine	24.0	3.0	0.0	0.21156432679985704	0.0737564416596048
-0.7761876712201093	cosine	24.0	9.0	6.0	0.28689034348968306	0.024761821716796587
-0.21011532927106386	cosine	24.0	6.0	3.0	0.21156432679985704	0.0737564416596048
-2.0893193222018187	cosine	24.0	12.0	6.0	0.6122131207673417	1.3872908224393159e-05
-0.4891905713242746	cosine	24.0	6.0	3.0	0.15960115881392725	0.1372777177333498
-0.27250522204405486	cosine	24.0	6.0	9.0	0.24963185732219176	0.04372700742698232
0.22977293792650574	cosine	24.0	9.0	3.0	0.24543627378042976	0.04645332880937976
0.27546236741492186	cosine	24.0	12.0	15.0	0.2891143329235558	0.023892184636934675
-1.6984467666184973	cosine	24.0	21.0	18.0	0.28591640107870203	0.025150935058516143
0.21869286805883034	cosine	24.0	18.0	12.0	0.2473315627273083	0.04520531538629516
0.37241731872666406	cosine	24.0	15.0	12.0	0.2140197009953595	0.07143562183788349
-0.5611574810757262	cosine	24.0	9.0	12.0	0.1907505298724862	0.09579651477177781
-0.48925706049147566	cosine	24.0	9.0	3.0	0.22312388525493615	0.06331718635548518
-0.5023218046889427	cosine	24.0	3.0	12.0	0.18118348213186988	0.10741654185240362
1.5232081663484696	cosine	24.0	15.0	12.0	0.11639667948870429	0.21276808318223123
-0.29228967592106375	cosine	24.0	6.0	21.0	0.41199368903130057	0.0023973316316347427
-2.2390984137256904	cosine	24.0	12.0	21.0	0.33160052689067265	0.011599478395197028
-1.8374140349218924	cosine	24.0	12.0	15.0	0.2891143329235558	0.023892184636934675
-0.5852455437767166	cosine	24.0	18.0	21.0	0.18810289544651448	0.09891558665411498
1.5058590353789674	cosine	24.0	21.0	18.0	0.3686816750751684	0.00580139155636977
-0.9258339130035919	cosine	24.0	0.0	21.0	0.3586693421794159	0.0070353044355588755
-1.6177190442135905	cosine	24.0	6.0	12.0	0.25384446470840993	0.04112100111304758
-0.6932702886213856	cosine	24.0	12.0	18.0	0.36724989617085174	0.005965166286952631
0.6372228032244831	cosine	24.0	21.0	18.0	0.21819935871795682	0.06761446149507122
-0.31472987161284977	cosine	24.0	12.0	9.0	0.1683092910639584	0.12460960164846763
-0.6783666919120758	cosine	24.0	21.0	0.0	0.20336921463781313	0.08192052243423542
0.3845911133645903	cosine	24.0	3.0	15.0	0.3690665122217134	0.00575805764378841
-1.1296535980842195	cosine	24.0	15.0	12.0	0.386737354430211	0.004053152147956198
1.7326436108687857	cosine	24.0	6.0	9.0	0.2049216739212022	0.08032379819344765
0.08252458968325795	cosine	24.0	21.0	0.0	0.17378823796322213	0.11707097859576515
-1.428419669259354	cosine	24.0	3.0	9.0	0.2974985136732482	0.020841095044795872
-0.2264272091818228	cosine	24.0	6.0	18.0	0.43714498739981406	0.0013826018302867478
0.424855785667131	cosine	24.0	3.0	0.0	0.2932207336348896	0.022353887279688553
0.909399372838714	cosine	24.0	3.0	12.0	0.39564556302265463	0.003378433371147737
1.843428498989044	cosine	24.0	6.0	3.0	0.26352749478578685	0.03560678181850737
-0.8006531783948603	cosine	24.0	9.0	6.0	0.1453080960532161	0.15992129427517754
-0.6075039174470266	cosine	24.0	18.0	12.0	0.3297754169697444	0.011983823411287356
2.759045154138947	cosine	24.0	9.0	18.0	0.30064404334716527	0.019784814684414773
0.08887195219508119	cosine	24.0	12.0	9.0	0.21319176868101397	0.07221183733783956
1.8262947049819442	cosine	24.0	12.0	9.0	0.28051548510659735	0.027402861731981906
-0.2508062661624471	cosine	24.0	6.0	9.0	0.2943420407231813	0.021948655444004782
1.9009374069647058	cosine	24.0	18.0	15.0	0.17647238503126134	0.1134981303078686
-1.1696208133631258	cosine	24.0	21.0	0.0	0.17378823796322213	0.11707097859576515
0.11587045181282263	cosine	24.0	12.0	15.0	0.14643453225998282	0.15805277010113494
-0.5243376486257545	cosine	24.0	6.0	0.0	0.290061050831417	0.023529860808762543
-0.9715552052652747	cosine	24.0	12.0	15.0	0.25156701695945766	0.04251378781533029
1.0210754744928758	cosine	24.0	15.0	18.0	0.4468130599727681	0.001110797488048831
-1.4803843839928548	cosine	24.0	0.0	3.0	0.31549066277171667	0.015391993660926931
-0.9896310196611162	cosine	24.0	9.0	15.0	0.17171831436157145	0.11988014354567555
0.7840979414323351	cosine	24.0	12.0	3.0	0.34387885384212036	0.009281315096840078
-0.3789468107017665	cosine	24.0	18.0	15.0	0.3041332593091951	0.01866662856252859
-0.17989741096512732	cosine	24.0	12.0	15.0	0.18398184822408098	0.10391722445107726
-0.9319129273970753	cosine	24.0	9.0	12.0	0.20571135574483804	0.0795206783939611
-0.3464413064782939	cosine	24.0	12.0	6.0	0.39569872439840376	0.0033747297067160454
0.8736105529560569	cosine	24.0	6.0	0.0	0.2603111994640922	0.03736692036454452
-1.3824721787605516	cosine	24.0	9.0	3.0	0.4313728448262099	0.001572567137884926
-0.5134668573125087	cosine	24.0	6.0	18.0	0.24450482346091293	0.047076729066586956
0.04854133076360975	cosine	24.0	9.0	18.0	0.21898763651213274	0.06691183000253088
0.11060210467439355	cosine	24.0	12.0	15.0	0.326661648887654	0.01266506290239042
-1.685897383290163	cosine	24.0	0.0	21.0	0.29211214466158614	0.02276070879876716
-0.9206831025753706	cosine	24.0	6.0	15.0	0.16702446852620292	0.12642548136726045
0.4986755622610516	cosine	24.0	21.0	0.0	0.2699264121556429	0.03230693818080994
0.4022731024415465	cosine	24.0	3.0	6.0	0.26352749478578685	0.03560678181850737
1.9497315932459625	cosine	24.0	6.0	15.0	0.2709508044980625	0.03180287707901677
0.37282293710629844	cosine	24.0	6.0	3.0	0.330337282196268	0.011864341762666228
0.32766391119376953	cosine	24.0	18.0	15.0	0.20651023780253988	0.07871439991892487
-1.096149759325004	cosine	24.0	3.0	6.0	0.20414101708758137	0.08112374916958642
0.7691860087267225	cosine	24.0	21.0	15.0	0.21319176868101397	0.07221183733783956
1.215438164672203	cosine	24.0	0.0	3.0	0.1299079199648245	0.18690708075242085
-0.19489591893008748	cosine	24.0	18.0	9.0	0.0779447519788947	0.296805367138525
-0.2318549352455374	cosine	24.0	9.0	12.0	0.12342681344690283	0.19906049418466365
-0.4678722797960016	cosine	24.0	18.0	15.0	0.10137775310306503	0.24383056159149213
0.2903031865081175	cosine	24.0	15.0	18.0	0.3116427225020147	0.016441424648025
0.057632048698601085	cosine	24.0	18.0	21.0	0.3235369801680049	0.01338212467957003
0.28671549304956206	cosine	24.0	6.0	3.0	0.18929439766303	0.09750285144846599
0.9667743728223352	cosine	24.0	0.0	21.0	0.35127409801076814	0.008090044838256295
0.39818657342135916	cosine	24.0	21.0	18.0	0.4439228332537742	0.001186420942755472
-0.05790651524441083	cosine	24.0	6.0	3.0	0.07052144226661901	0.3146221223972886
1.8922282974411866	cosine	24.0	6.0	21.0	0.2264109462244084	0.060569228522496806
-0.3861941361675341	cosine	24.0	18.0	15.0	0.18398184822408098	0.10391722445107726
1.2323284618875991	cosine	24.0	9.0	6.0	0.3092454351901779	0.01712572740233685
0.46924100186392836	cosine	24.0	15.0	12.0	0.326661648887654	0.01266506290239042
0.6675171566769159	cosine	24.0	9.0	12.0	0.28051548510659735	0.027402861731981906
-1.084801871204437	cosine	24.0	12.0	9.0	0.1683092910639584	0.12460960164846763
-0.2523995220464068	cosine	24.0	9.0	6.0	0.4359242881596483	0.0014209342667879036
-2.2825999056413817	cosine	24.0	12.0	18.0	0.209857083526201	0.07540379479773861
-0.9688210479021999	cosine	24.0	3.0	21.0	0.4428798146660561	0.0012148494454507022
-0.9548993362793058	cosine	24.0	12.0	15.0	0.2891143329235558	0.023892184636934675
0.3623334828635006	cosine	24.0	9.0	21.0	0.21898763651213274	0.06691183000253088
-0.45814346911242443	cosine	24.0	21.0	6.0	0.2932207336348896	0.022353887279688553
-0.025354918208817016	cosine	24.0	21.0	0.0	0.21076445880646086	0.0745247925817003
1.4731633906712156	cosine	24.0	12.0	3.0	0.24034543548105186	0.04994280222373064
2.602687991481408	cosine	24.0	18.0	15.0	0.3341711120804736	0.011076319946854101
-0.6184764229911516	cosine	24.0	3.0	15.0	0.24358389806633082	0.04769966180633572
1.5292261820977442	cosine	24.0	21.0	9.0	0.41199368903130057	0.0023973316316347427
-0.4855772377606151	cosine	24.0	6.0	9.0	0.398665801992157	0.003173715485591541
0.5262321179352124	cosine	24.0	15.0	12.0	0.18398184822408098	0.10391722445107726
-1.0172766248538854	cosine	24.0	21.0	0.0	0.14420726128863112	0.16176125330350544
1.9011431769065066	cosine	24.0	15.0	18.0	0.1914913114169006	0.09493692298572759
-0.4247456074925427	cosine	24.0	9.0	12.0	0.18327011693631026	0.10479929422810885
-0.6691459632717524	cosine	24.0	0.0	21.0	0.23295019131240413	0.055380662873957556
0.07464337116373056	cosine	24.0	12.0	15.0	0.22152916418817914	0.06468486429452701
-0.31120326920579605	cosine	24.0	15.0	6.0	0.4936500958663331	0.00036304150800279975
0.9291455271522581	cosine	24.0	12.0	15.0	0.326661648887654	0.01266506290239042
-0.6845047261030783	cosine	24.0	6.0	3.0	0.18929439766303	0.09750285144846599
0.05858824849001189	cosine	24.0	6.0	15.0	0.31549066277171667	0.015391993660926931
0.22034270549879112	cosine	24.0	15.0	18.0	0.2816048697307362	0.026935575910470858
-0.9198495726732612	cosine	24.0	6.0	9.0	0.17511488498720915	0.11529525052334588
0.7762908788924325	cosine	24.0	12.0	18.0	0.3972294795317376	0.0032696378165009638
0.8482817712952155	cosine	24.0	21.0	18.0	0.30848874853228375	0.01734671524348048
-0.7460171738263971	cosine	24.0	12.0	9.0	0.2206721816171899	0.0654292553875976
-0.5803786285494144	cosine	24.0	3.0	0.0	0.11506130054027312	0.2154327694040179
-0.2046569471599681	cosine	24.0	6.0	0.0	0.2751861251477546	0.029787333680552044
1.516504083350601	cosine	24.0	15.0	12.0	0.34168057527329326	0.009663826561076
-0.03481038950888155	cosine	24.0	18.0	15.0	0.29662379611637546	0.021143176383724687
-0.12819328404345756	cosine	24.0	15.0	18.0	0.31915218569483433	0.014447331991700058
0.056862694411541764	cosine	24.0	18.0	12.0	0.1648877084848722	0.12948609931689714
1.7453767873685473	cosine	24.0	6.0	9.0	0.31669713242367614	0.015075032280515356
-0.3082067317657955	cosine	24.0	6.0	9.0	0.1676631877537109	0.12552046793508637
