ID	Waveform	Period	Phase	Nadir	Tau	P
-0.08341694955032751	cosine	24.0	0.0	21.0	0.24034543548105186	0.04994280222373064
-0.49558347433264155	cosine	24.0	21.0	0.0	0.19597397046916537	0.08985625322931617
-0.8260192591795456	cosine	24.0	18.0	15.0	0.26658594334509694	0.03399663812377356
0.616071865176905	cosine	24.0	9.0	12.0	0.21319176868101397	0.07221183733783956
0.39463851065921557	cosine	24.0	12.0	3.0	0.2551359238183474	0.04034778682105685
-1.4834024704390574	cosine	24.0	0.0	6.0	0.3198109021987418	0.014282791544260957
-1.5941400189639288	cosine	24.0	3.0	0.0	0.12248461025254881	0.20086613625359467
0.3115026443283958	cosine	24.0	3.0	6.0	0.2338342559366841	0.05470697449766232
0.3379263350271768	cosine	24.0	21.0	12.0	0.21982506838819874	0.06617158668631351
-1.3465064021147615	cosine	24.0	21.0	12.0	0.33160052689067265	0.011599478395197028
-1.7709011709443063	cosine	24.0	18.0	15.0	0.31915218569483433	0.014447331991700058
-2.7622120797303658	cosine	24.0	21.0	6.0	0.17444777823847862	0.11618577088949705
-0.5475923790070433	cosine	24.0	0.0	21.0	0.14420726128863112	0.16176125330350544
-0.08164580150837702	cosine	24.0	18.0	12.0	0.14989791680442927	0.15239786093754165
-0.08705007845063775	cosine	24.0	0.0	3.0	0.18929439766303	0.09750285144846599
1.2558030170368948	cosine	24.0	18.0	15.0	0.4017562808158503	0.002975859456052734
-0.4926704995373999	cosine	24.0	3.0	6.0	0.2561041850735112	0.03977585423405737
0.9335034591176412	cosine	24.0	12.0	15.0	0.25156701695945766	0.04251378781533029
0.6119919782819281	cosine	24.0	6.0	9.0	0.227276765621697	0.05986116155126607
-0.9973251336092535	cosine	24.0	18.0	15.0	0.27409540653791653	0.03029598352690821
-0.25828982317736116	cosine	24.0	21.0	18.0	0.17305466381079335	0.11806115286078062
1.693850147288001	cosine	24.0	12.0	9.0	0.22815259455336584	0.059151522051165605
1.8357852633534646	cosine	24.0	15.0	0.0	0.3216931213361771	0.01382149916799702
0.026955093017261927	cosine	24.0	0.0	18.0	0.22143990733302804	0.06476208627439409
-0.15888924062832124	cosine	24.0	6.0	9.0	0.19746997668770394	0.08820646422125328
0.5251752823882117	cosine	24.0	3.0	0.0	0.24868087536123548	0.04433336645633893
0.8604446541774071	cosine	24.0	21.0	0.0	0.4400170280345411	0.0012961112381875797
-1.351891617256118	cosine	24.0	6.0	3.0	0.2783741142103382	0.0283411053804827
-1.228970667069049	cosine	24.0	18.0	3.0	0.4104360513599501	0.0024782190637700975
-0.3782732154584049	cosine	24.0	3.0	21.0	0.23620256782189655	0.052934139906380795
-1.357083744321825	cosine	24.0	3.0	6.0	0.2264109462244084	0.060569228522496806
-0.6890478734613253	cosine	24.0	3.0	0.0	0.21898763651213274	0.06691183000253088
-0.05242769198651659	cosine	24.0	6.0	3.0	0.2264109462244084	0.060569228522496806
0.8536692950376608	cosine	24.0	0.0	21.0	0.4104360513599501	0.0024782190637700975
-0.4730372577488383	cosine	24.0	3.0	6.0	0.24868087536123548	0.04433336645633893
1.5316549086982645	cosine	24.0	12.0	18.0	0.20236218768597952	0.08296897952321058
0.14605617109922803	cosine	24.0	18.0	21.0	0.2633440536251203	0.03570531001355481
-1.069810638093484	cosine	24.0	3.0	0.0	0.30806735305944094	0.01747083493063007
-0.5223879583626848	cosine	24.0	6.0	3.0	0.3823004501821978	0.004432269204779407
-0.2636882236998543	cosine	24.0	12.0	9.0	0.1683092910639584	0.12460960164846763
0.5059054351189882	cosine	24.0	0.0	21.0	0.2551359238183474	0.04034778682105685
0.16318385460017343	cosine	24.0	21.0	3.0	0.28049054928850214	0.02741363646522646
-0.19727031187370103	cosine	24.0	6.0	3.0	0.2783741142103382	0.0283411053804827
0.24881959960793285	cosine	24.0	12.0	9.0	0.24311342042571768	0.04802044059311893
-0.9194313234013487	cosine	24.0	6.0	9.0	0.3614073158246657	0.006676747380572879
1.7698022318393924	cosine	24.0	18.0	15.0	0.2140197009953595	0.07143562183788349
1.014451571448417	cosine	24.0	12.0	18.0	0.17987750016531512	0.10907841091363718
-0.9067786135911367	cosine	24.0	15.0	21.0	0.2730350721704214	0.03079734328122759
0.6921523733098437	cosine	24.0	15.0	12.0	0.25156701695945766	0.04251378781533029
-0.26639366539372067	cosine	24.0	0.0	21.0	0.15160250545727888	0.14966458474778954
0.7239927683004888	cosine	24.0	21.0	0.0	0.1885787263005176	0.09834961988888624
1.0997700492957827	cosine	24.0	18.0	15.0	0.13892506906716318	0.17078109313035117
-0.4274689467859207	cosine	24.0	3.0	6.0	0.3823004501821978	0.004432269204779407
0.23259910077035337	cosine	24.0	9.0	3.0	0.34956075356606664	0.008353384938283085
2.216630513274723	cosine	24.0	12.0	9.0	0.1683092910639584	0.12460960164846763
-1.3554260971633834	cosine	24.0	6.0	3.0	0.2932207336348896	0.022353887279688553
-1.5016935917436334	cosine	24.0	6.0	21.0	0.43426361816812764	0.0014746410900555347
0.960194141628082	cosine	24.0	12.0	9.0	0.28051548510659735	0.027402861731981906
-0.4041661582420523	cosine	24.0	18.0	15.0	0.27409540653791653	0.03029598352690821
-0.08445427619873841	cosine	24.0	3.0	9.0	0.23799881093859857	0.05162016738148153
0.8663113245281918	cosine	24.0	15.0	6.0	0.26352749478578685	0.03560678181850737
-1.4310962801791687	cosine	24.0	21.0	15.0	0.22815259455336584	0.059151522051165605
-0.49965572160054644	cosine	24.0	18.0	21.0	0.27086816944298087	0.031843296004397496
0.7651111286563788	cosine	24.0	0.0	3.0	0.2932207336348896	0.022353887279688553
1.4833227606306858	cosine	24.0	15.0	6.0	0.2561041850735112	0.03977585423405737
-0.7513661445758968	cosine	24.0	6.0	21.0	0.4639568570172304	0.0007459471323478724
-0.43243854343465415	cosine	24.0	21.0	18.0	0.2558199378072597	0.039943065844359166
-0.7257831140833769	cosine	24.0	6.0	3.0	0.15217784910165155	0.14874946071331063
-1.9222385222087124	cosine	24.0	12.0	9.0	0.36280002740453254	0.006500636034123981
-1.5672374538562586	cosine	24.0	12.0	6.0	0.08212615034683851	0.2869773250334757
1.1058425599868218	cosine	24.0	21.0	0.0	0.24034543548105186	0.04994280222373064
-0.25137525152326656	cosine	24.0	3.0	15.0	0.3912105029550162	0.003700585778126575
-0.2119370806869436	cosine	24.0	0.0	18.0	0.19929591659972523	0.08622355226943118
0.2677357976894751	cosine	24.0	12.0	3.0	0.3069026329988816	0.017817847893956983
0.10242183574003925	cosine	24.0	18.0	21.0	0.37620579089302897	0.005004611630800322
-0.12148196179547953	cosine	24.0	3.0	15.0	0.3173972005106735	0.014893695995628085
-0.6652837550463309	cosine	24.0	18.0	21.0	0.24829582198939915	0.044580801125198674
-1.014127847142036	cosine	24.0	3.0	9.0	0.2974985136732482	0.020841095044795872
1.1842940340849761	cosine	24.0	12.0	18.0	0.17238260432509367	0.1189734811540229
0.09163288086099404	cosine	24.0	6.0	3.0	0.3451839016208194	0.009060553512911972
0.39924758928707926	cosine	24.0	9.0	6.0	0.4806344715606379	0.000500170471374788
0.9969533079964563	cosine	24.0	9.0	12.0	0.09350516170219911	0.2610415262712782
-0.8176276846093136	cosine	24.0	21.0	18.0	0.28591640107870203	0.025150935058516143
-0.7530538917210063	cosine	24.0	9.0	3.0	0.38674806777522264	0.004052272995904978
0.19850290358026415	cosine	24.0	18.0	15.0	0.2140197009953595	0.07143562183788349
0.7926710802446915	cosine	24.0	12.0	9.0	0.3478392015321807	0.008625537378454924
-0.5496149169277854	cosine	24.0	18.0	12.0	0.1873723960055366	0.09978909481037329
1.4738646240821047	cosine	24.0	0.0	3.0	0.41941699874357624	0.0020437099756060832
0.7920764939303114	cosine	24.0	9.0	21.0	0.2561041850735112	0.03977585423405737
1.4663675861752523	cosine	24.0	6.0	3.0	0.26352749478578685	0.03560678181850737
0.5252075653874722	cosine	24.0	21.0	18.0	0.21067524290009623	0.0746108704887449
1.286226084845006	cosine	24.0	12.0	15.0	0.26658594334509694	0.03399663812377356
1.298993847029193	cosine	24.0	15.0	12.0	0.3341711120804736	0.011076319946854101
0.20387244557908066	cosine	24.0	15.0	12.0	0.2365480905738184	0.052679346147498834
0.6228683726520484	cosine	24.0	21.0	18.0	0.3837299067108896	0.004306804500442138
-0.8692276201411402	cosine	24.0	9.0	6.0	0.23472846285519525	0.05403216505640069
0.0653026560150116	cosine	24.0	18.0	15.0	0.3041332593091951	0.01866662856252859
-0.18461426078205442	cosine	24.0	9.0	6.0	0.17511488498720915	0.11529525052334588
0.6655030164934422	cosine	24.0	9.0	6.0	0.2049216739212022	0.08032379819344765
0.09959981035262248	cosine	24.0	12.0	15.0	0.2590764801522773	0.03806123580744964
0.4561164583250558	cosine	24.0	21.0	0.0	0.29211214466158614	0.02276070879876716
-0.6894083311939929	cosine	24.0	15.0	9.0	0.24637845104051553	0.04582950804198322
1.7883900532046273	cosine	24.0	15.0	18.0	0.26658594334509694	0.03399663812377356
-1.0671149542412262	cosine	24.0	15.0	18.0	0.43930359677994846	0.0013171214740370129
0.05287583140073958	cosine	24.0	0.0	3.0	0.2561041850735112	0.03977585423405737
0.44882110654409973	cosine	24.0	9.0	0.0	0.3586693421794159	0.0070353044355588755
0.00426685378877478	cosine	24.0	9.0	15.0	0.47035886107734787	0.0006407655544181333
-0.6246289509539071	cosine	24.0	15.0	18.0	0.2816048697307362	0.026935575910470858
0.432021997816445	cosine	24.0	6.0	9.0	0.13040470158621958	0.18599485111582204
1.414952503425011	cosine	24.0	15.0	21.0	0.19823094280866213	0.08737598727842949
1.5102970970445322	cosine	24.0	21.0	0.0	0.22555494714375637	0.0612756889104502
1.0368779199594704	cosine	24.0	3.0	21.0	0.30263454002180495	0.019140153805216078
-1.5649416222792634	cosine	24.0	6.0	3.0	0.2338342559366841	0.05470697449766232
-0.5202932012026605	cosine	24.0	21.0	0.0	0.29950738883023387	0.02016114215609676
-0.8359798424789557	cosine	24.0	15.0	12.0	0.4543225231655877	0.0009344907811765314
1.1034644088076058	cosine	24.0	18.0	9.0	0.30064404334716527	0.019784814684414773
-0.5946362546810775	cosine	24.0	3.0	21.0	0.24358389806633082	0.04769966180633572
-1.1921370675341283	cosine	24.0	15.0	12.0	0.16896292183844172	0.12369283503412826
0.05209945670342465	cosine	24.0	0.0	3.0	0.2561041850735112	0.03977585423405737
-1.3094302531803974	cosine	24.0	15.0	12.0	0.25156701695945766	0.04251378781533029
2.1716234517124455	cosine	24.0	3.0	6.0	0.4268403084558519	0.0017380915166549582
2.0097085528544145	cosine	24.0	21.0	0.0	0.29211214466158614	0.02276070879876716
-0.35197385758695693	cosine	24.0	6.0	9.0	0.12295300435272132	0.19996727842991724
1.1062037881552982	cosine	24.0	18.0	15.0	0.16145345864562208	0.13451203512311516
-1.3537581164289652	cosine	24.0	0.0	6.0	0.290061050831417	0.023529860808762543
-0.34232631908052796	cosine	24.0	0.0	3.0	0.24868087536123548	0.04433336645633893
0.1939290127771289	cosine	24.0	3.0	0.0	0.14475453938937588	0.160844803171809
0.6593739753016787	cosine	24.0	18.0	15.0	0.27409540653791653	0.03029598352690821
-0.5657563095624658	cosine	24.0	21.0	12.0	0.27198694902268655	0.031299660183120276
1.395582583060182	cosine	24.0	12.0	9.0	0.21319176868101397	0.07221183733783956
-1.8556750136285696	cosine	24.0	18.0	6.0	0.4667819356981065	0.0006977113839250159
-0.4732224078514318	cosine	24.0	6.0	21.0	0.31549066277171667	0.015391993660926931
0.5642539760998826	cosine	24.0	21.0	3.0	0.40597316344388473	0.002723822944538488
-0.11785511133727203	cosine	24.0	21.0	18.0	0.27086816944298087	0.031843296004397496
1.8417281951193205	cosine	24.0	15.0	12.0	0.34919003846611285	0.0084113441669734
1.8348788937208333	cosine	24.0	12.0	15.0	0.18398184822408098	0.10391722445107726
-0.1538053223383881	cosine	24.0	0.0	21.0	0.3808550746853591	0.004562440916140081
0.8214910936304753	cosine	24.0	15.0	18.0	0.3566995016589325	0.007303677061155208
0.08901829201347278	cosine	24.0	18.0	21.0	0.3686816750751684	0.00580139155636977
-0.00875573739161482	cosine	24.0	3.0	6.0	0.15960115881392725	0.1372777177333498
0.2569146443351286	cosine	24.0	0.0	6.0	0.17849910820394893	0.11085238011984289
0.5418443366778688	cosine	24.0	15.0	21.0	0.35531961446835664	0.007497010747590814
-0.04395529592014994	cosine	24.0	18.0	21.0	0.30848874853228375	0.01734671524348048
0.2857135136082742	cosine	24.0	6.0	21.0	0.18929439766303	0.09750285144846599
1.8671525969821656	cosine	24.0	6.0	0.0	0.37931060493339147	0.0047052989719750865
-1.4189149005309394	cosine	24.0	6.0	3.0	0.11506130054027312	0.2154327694040179
-0.4004484412957788	cosine	24.0	21.0	12.0	0.23472846285519525	0.05403216505640069
-0.4617045000802341	cosine	24.0	0.0	6.0	0.18593657104578012	0.10152240598303947
0.8366227807019858	cosine	24.0	18.0	0.0	0.23620256782189655	0.052934139906380795
-1.4527024666513064	cosine	24.0	6.0	9.0	0.3539556185911674	0.0076925343627084405
0.2766823646028747	cosine	24.0	9.0	3.0	0.26774866230592337	0.033400440030095055
-0.036802398196216154	cosine	24.0	21.0	18.0	0.3009646327144232	0.019679757062280118
-0.7490540122815814	cosine	24.0	3.0	9.0	0.33468582788240425	0.010974068511825539
-1.3718439360101302	cosine	24.0	3.0	9.0	0.3123734393569106	0.016237554289091953
1.0753189123509466	cosine	24.0	6.0	9.0	0.1453080960532161	0.15992129427517754
-0.5933779011935543	cosine	24.0	9.0	12.0	0.4525649826386437	0.0009732808893706042
0.18507148861183026	cosine	24.0	12.0	21.0	0.3241488296571744	0.013239016787172118
1.0138266178025477	cosine	24.0	15.0	21.0	0.2655546592342455	0.03453273942337478
0.5105401998291315	cosine	24.0	15.0	3.0	0.32477853075510776	0.013093115992743426
1.3045428686945788	cosine	24.0	12.0	6.0	0.31357257405156524	0.01590768779332286
-1.616069925885601	cosine	24.0	15.0	21.0	0.42264333089394	0.0019053409706262982
0.5211782525993782	cosine	24.0	0.0	21.0	0.3216931213361771	0.01382149916799702
0.19799259886864817	cosine	24.0	0.0	18.0	0.37644784246614765	0.004980681982243198
-0.4741124580833852	cosine	24.0	15.0	12.0	0.3341711120804736	0.011076319946854101
1.250997497763832	cosine	24.0	18.0	15.0	0.24405755376663804	0.047378451921575866
-0.2996678252888668	cosine	24.0	6.0	0.0	0.2974985136732482	0.020841095044795872
-2.155764170710336	cosine	24.0	6.0	21.0	0.10763799082799744	0.23059422607029073
-0.0811137551596038	cosine	24.0	9.0	12.0	0.21319176868101397	0.07221183733783956
-0.6365080453060497	cosine	24.0	12.0	9.0	0.2580742462980696	0.03863252516949062
-0.15233147896339563	cosine	24.0	15.0	9.0	0.3583686560589317	0.007075698844899728
0.056210048270025764	cosine	24.0	18.0	9.0	0.21898763651213274	0.06691183000253088
0.003582063343624475	cosine	24.0	12.0	15.0	0.17647238503126134	0.1134981303078686
-1.7631623885653016	cosine	24.0	0.0	3.0	0.2709508044980625	0.03180287707901677
-0.4823158022692596	cosine	24.0	9.0	6.0	0.2049216739212022	0.08032379819344765
-0.28437195115071384	cosine	24.0	3.0	6.0	0.14475453938937588	0.160844803171809
0.34512680871490553	cosine	24.0	15.0	12.0	0.20651023780253988	0.07871439991892487
-0.1649964947615162	cosine	24.0	9.0	6.0	0.2049216739212022	0.08032379819344765
0.7857730338750846	cosine	24.0	18.0	21.0	0.24829582198939915	0.044580801125198674
0.7177469526331786	cosine	24.0	12.0	15.0	0.2816048697307362	0.026935575910470858
0.6804316328400427	cosine	24.0	0.0	3.0	0.2264109462244084	0.060569228522496806
-1.7478622859589916	cosine	24.0	18.0	6.0	0.3852803278778022	0.004174320344858473
-0.6541932998021177	cosine	24.0	21.0	0.0	0.2773216563242906	0.02881195020498228
0.25941999544224953	cosine	24.0	12.0	0.0	0.3469225214884106	0.008773600268086433
0.030425456320003277	cosine	24.0	0.0	21.0	0.1885787263005176	0.09834961988888624
-1.4375424906823981	cosine	24.0	15.0	3.0	0.19191458635529096	0.09444831922890234
0.8001476283299224	cosine	24.0	6.0	9.0	0.23472846285519525	0.05403216505640069
0.7819035933181638	cosine	24.0	0.0	18.0	0.30263454002180495	0.019140153805216078
0.38224453050391904	cosine	24.0	15.0	18.0	0.18398184822408098	0.10391722445107726
-0.03811451884340644	cosine	24.0	0.0	3.0	0.2561041850735112	0.03977585423405737
-1.1261614858035935	cosine	24.0	18.0	21.0	0.29344051689656264	0.02227396573589996
-0.4197829282229276	cosine	24.0	0.0	3.0	0.18929439766303	0.09750285144846599
-0.7115667158295496	cosine	24.0	21.0	0.0	0.40304080719130236	0.0028969453261565256
-0.4640174394501307	cosine	24.0	6.0	12.0	0.455426833741559	0.0009108497988284421
-0.5697687770346027	cosine	24.0	12.0	15.0	0.18398184822408098	0.10391722445107726
0.030198043089746256	cosine	24.0	0.0	3.0	0.26352749478578685	0.03560678181850737
1.6497650546810307	cosine	24.0	15.0	6.0	0.32291397248399234	0.01352921307913464
0.9490424343224213	cosine	24.0	18.0	15.0	0.29662379611637546	0.021143176383724687
-0.21298137710596815	cosine	24.0	0.0	21.0	0.24034543548105186	0.04994280222373064
-0.8002307037231753	cosine	24.0	9.0	3.0	0.20081149672944254	0.08460315962917975
-0.2883151508467245	cosine	24.0	12.0	6.0	0.18665034169736025	0.10065802899450232
-0.2700956745154457	cosine	24.0	0.0	9.0	0.17378823796322213	0.11707097859576515
0.15126517132151926	cosine	24.0	18.0	0.0	0.17715192586642242	0.11260606365924808
1.092932628258108	cosine	24.0	0.0	3.0	0.24125756564895978	0.04930266217726652
-0.12864965720712587	cosine	24.0	6.0	3.0	0.24125756564895978	0.04930266217726652
-1.0572472678917442	cosine	24.0	6.0	3.0	0.15217784910165155	0.14874946071331063
-0.06272770158268219	cosine	24.0	18.0	15.0	0.29662379611637546	0.021143176383724687
-0.03731551239404745	cosine	24.0	12.0	9.0	0.19823094280866213	0.08737598727842949
0.511609756043251	cosine	24.0	18.0	3.0	0.3660645863480636	0.006103836469221554
0.04290997968021499	cosine	24.0	18.0	21.0	0.4288746016180531	0.0016619323581332764
-0.34269506101176933	cosine	24.0	9.0	6.0	0.19001827945420569	0.09665182047357779
-0.9529194456305182	cosine	24.0	6.0	3.0	0.1299079199648245	0.18690708075242085
-1.6410826366191118	cosine	24.0	9.0	18.0	0.21898763651213274	0.06691183000253088
-1.8229811675534722	cosine	24.0	12.0	18.0	0.23983666688708685	0.050302729438385485
-0.29672684740266464	cosine	24.0	3.0	6.0	0.21156432679985704	0.0737564416596048
0.5670093953463534	cosine	24.0	15.0	12.0	0.22152916418817914	0.06468486429452701
-0.26487224396881165	cosine	24.0	3.0	0.0	0.1818710879507543	0.10654892958100276
0.3111246431051691	cosine	24.0	0.0	3.0	0.24125756564895978	0.04930266217726652
-1.388800190281931	cosine	24.0	18.0	15.0	0.18398184822408098	0.10391722445107726
2.1093043116915124	cosine	24.0	6.0	9.0	0.15275979328671438	0.14782765030387718
0.4705620980740134	cosine	24.0	9.0	6.0	0.31669713242367614	0.015075032280515356
-0.5392996053368556	cosine	24.0	12.0	18.0	0.1648877084848722	0.12948609931689714
-1.9315939927891872	cosine	24.0	12.0	9.0	0.14586805225543062	0.15899064436178167
1.777594284854091	cosine	24.0	18.0	15.0	0.1914913114169006	0.09493692298572759
0.5299186714115853	cosine	24.0	9.0	3.0	0.20081149672944254	0.08460315962917975
0.6112283376508673	cosine	24.0	6.0	18.0	0.3778710908032291	0.004842027648163876
0.08763627409637974	cosine	24.0	0.0	21.0	0.21815970297510862	0.06764995867882109
0.12734388632022867	cosine	24.0	9.0	3.0	0.1487492568366241	0.154258285657701
-0.04100349951344175	cosine	24.0	9.0	6.0	0.23472846285519525	0.05403216505640069
-1.449807376909475	cosine	24.0	6.0	9.0	0.28689034348968306	0.024761821716796587
0.41566843673949716	cosine	24.0	9.0	6.0	0.19001827945420569	0.09665182047357779
-1.3845718084288743	cosine	24.0	3.0	6.0	0.12248461025254881	0.20086613625359467
-1.1743622607407782	cosine	24.0	6.0	0.0	0.2751861251477546	0.029787333680552044
0.02052742745426996	cosine	24.0	15.0	12.0	0.2816048697307362	0.026935575910470858
0.571609781563587	cosine	24.0	0.0	3.0	0.3526072113330951	0.00789022129915346
1.1800328838485996	cosine	24.0	15.0	12.0	0.26658594334509694	0.03399663812377356
0.41893898840517246	cosine	24.0	15.0	3.0	0.3395411912439763	0.010049245916082774
1.1382767672019496	cosine	24.0	9.0	12.0	0.07106392289367132	0.3133046920536394
-1.3873154921976347	cosine	24.0	3.0	6.0	0.21898763651213274	0.06691183000253088
0.3700717757384621	cosine	24.0	6.0	9.0	0.13785639881971784	0.1726443686722099
-0.2456659438058865	cosine	24.0	15.0	21.0	0.1907505298724862	0.09579651477177781
0.28808571932560006	cosine	24.0	3.0	0.0	0.330337282196268	0.011864341762666228
-0.21762976062266393	cosine	24.0	3.0	6.0	0.19671770737530567	0.08903321910476264
-0.05766331609576132	cosine	24.0	12.0	3.0	0.3142978771675294	0.015710968084713377
-0.1176463694263584	cosine	24.0	3.0	0.0	0.24868087536123548	0.04433336645633893
0.9793194703523792	cosine	24.0	9.0	6.0	0.15275979328671438	0.14782765030387718
0.1479985215828079	cosine	24.0	21.0	0.0	0.17378823796322213	0.11707097859576515
-1.6450255731861194	cosine	24.0	0.0	12.0	0.2731092190440679	0.030762062328506853
-0.38381491995893685	cosine	24.0	9.0	12.0	0.3702804403407085	0.005623241622001215
-0.5135435454561201	cosine	24.0	18.0	21.0	0.19562701126437507	0.09024213396007019
1.8725896184317847	cosine	24.0	18.0	12.0	0.3147856252893015	0.015579855729601268
0.3233667295461524	cosine	24.0	12.0	9.0	0.15334846519160655	0.14689908245619482
0.5832332886836773	cosine	24.0	3.0	21.0	0.16977059562198815	0.12256654833167985
-1.1340664603589614	cosine	24.0	6.0	18.0	0.4000988020269485	0.003080546302853938
0.10414003450714478	cosine	24.0	18.0	21.0	0.29344051689656264	0.02227396573589996
-0.7331313109447779	cosine	24.0	9.0	15.0	0.30610656038367084	0.018058395440036235
-1.3983070100850823	cosine	24.0	12.0	18.0	0.2773111460881942	0.028816684834412243
2.34566022258782	cosine	24.0	0.0	9.0	0.23295019131240413	0.055380662873957556
0.03913144688614795	cosine	24.0	21.0	18.0	0.1504823163572116	0.15145707876053838
-0.05933566388807537	cosine	24.0	6.0	3.0	0.31549066277171667	0.015391993660926931
0.10818635297631313	cosine	24.0	18.0	0.0	0.19191458635529096	0.09444831922890234
-0.1859290958024361	cosine	24.0	6.0	3.0	0.24125756564895978	0.04930266217726652
-0.14938048280506314	cosine	24.0	0.0	3.0	0.21898763651213274	0.06691183000253088
0.7404904893167645	cosine	24.0	3.0	12.0	0.3290883655048249	0.012131343131205926
0.22393580312726807	cosine	24.0	9.0	15.0	0.291174533047882	0.023109639719022
-0.6992794469574948	cosine	24.0	21.0	18.0	0.2257234745358174	0.061136095767155875
-1.0143458871903877	cosine	24.0	0.0	12.0	0.35430385173284484	0.007642194440630212
0.6976344218044384	cosine	24.0	18.0	12.0	0.209857083526201	0.07540379479773861
0.03564756714982166	cosine	24.0	18.0	21.0	0.21067524290009623	0.0746108704887449
0.7052053672136486	cosine	24.0	6.0	9.0	0.27198694902268655	0.031299660183120276
-0.7384219409160119	cosine	24.0	6.0	3.0	0.20414101708758137	0.08112374916958642
-0.16202369177105763	cosine	24.0	6.0	9.0	0.2421801600886935	0.04866185976418303
-0.4552825804551794	cosine	24.0	6.0	3.0	0.19671770737530567	0.08903321910476264
0.7284659783000287	cosine	24.0	15.0	18.0	0.13141560587434356	0.18414709071421098
-0.4772794685623729	cosine	24.0	15.0	6.0	0.19671770737530567	0.08903321910476264
0.36583810377664505	cosine	24.0	21.0	0.0	0.24034543548105186	0.04994280222373064
-0.11418541159999308	cosine	24.0	18.0	6.0	0.36305261665408284	0.006469139508243084
-1.6615908258736911	cosine	24.0	18.0	6.0	0.29636948298292476	0.021231694689351967
-0.5545264856315044	cosine	24.0	9.0	3.0	0.2751861251477546	0.029787333680552044
1.576580291092133	cosine	24.0	21.0	0.0	0.3660645863480636	0.006103836469221554
-0.601847554332477	cosine	24.0	12.0	9.0	0.1608288781277825	0.13544029453589856
-0.4156217661349893	cosine	24.0	6.0	9.0	0.19746997668770394	0.08820646422125328
-0.914935077952672	cosine	24.0	12.0	15.0	0.22903862738099875	0.05844034568396187
0.4191608643019081	cosine	24.0	21.0	18.0	0.2633440536251203	0.03570531001355481
-0.21455906871340186	cosine	24.0	6.0	3.0	0.2561041850735112	0.03977585423405737
-1.4848987110942489	cosine	24.0	15.0	12.0	0.14643453225998282	0.15805277010113494
-2.1711619827761717	cosine	24.0	6.0	0.0	0.24543627378042976	0.04645332880937976
-1.1648123805886612	cosine	24.0	6.0	9.0	0.37631071029166224	0.0049942265676904355
0.4716319567845262	cosine	24.0	15.0	12.0	0.18398184822408098	0.10391722445107726
-1.0510381092355063	cosine	24.0	18.0	12.0	0.3297754169697444	0.011983823411287356
0.815374529781824	cosine	24.0	3.0	15.0	0.3616851819772791	0.0066412775630506635
-2.2705437362690657	cosine	24.0	6.0	0.0	0.2603111994640922	0.03736692036454452
-0.1455384551620563	cosine	24.0	9.0	12.0	0.28051548510659735	0.027402861731981906
-0.009802855205850345	cosine	24.0	21.0	9.0	0.21156432679985704	0.0737564416596048
-1.5340773644338987	cosine	24.0	6.0	21.0	0.37487714046992215	0.0051377970621272195
-1.2891730087924425	cosine	24.0	21.0	18.0	0.2257234745358174	0.061136095767155875
0.9565257932462589	cosine	24.0	9.0	6.0	0.3092454351901779	0.01712572740233685
0.6711897888617387	cosine	24.0	6.0	3.0	0.21156432679985704	0.0737564416596048
-0.16194832371099396	cosine	24.0	18.0	21.0	0.12038585308576928	0.20492337091312107
1.6996754088711845	cosine	24.0	3.0	0.0	0.39714706960674917	0.0032752197042900965
0.38736395503443294	cosine	24.0	6.0	0.0	0.2974985136732482	0.020841095044795872
0.4053103586262922	cosine	24.0	12.0	9.0	0.28051548510659735	0.027402861731981906
-1.1138943483859394	cosine	24.0	18.0	9.0	0.2338342559366841	0.05470697449766232
0.8726531801250873	cosine	24.0	12.0	9.0	0.2505938333618936	0.043120464095440875
0.30250917980477365	cosine	24.0	6.0	0.0	0.22312388525493615	0.06331718635548518
-1.0955828946985093	cosine	24.0	12.0	9.0	0.2505938333618936	0.043120464095440875
0.34622844678659437	cosine	24.0	18.0	21.0	0.3686816750751684	0.00580139155636977
-0.604093708456399	cosine	24.0	21.0	0.0	0.2699264121556429	0.03230693818080994
-0.15385715141864736	cosine	24.0	18.0	21.0	0.35363344343944725	0.0077393670907879575
-0.7301577124489935	cosine	24.0	9.0	18.0	0.30806735305944094	0.01747083493063007
0.6972363197350568	cosine	24.0	3.0	0.0	0.37487714046992215	0.0051377970621272195
1.8618953225106056	cosine	24.0	15.0	18.0	0.3566995016589325	0.007303677061155208
-2.33553595856272	cosine	24.0	15.0	12.0	0.3116427225020147	0.016441424648025
-0.8215662175301122	cosine	24.0	0.0	6.0	0.20824895957127373	0.07698101426976775
1.148301247840604	cosine	24.0	15.0	18.0	0.2891143329235558	0.023892184636934675
-0.7583974552194668	cosine	24.0	15.0	18.0	0.2816048697307362	0.026935575910470858
-0.8280009254483996	cosine	24.0	12.0	9.0	0.21319176868101397	0.07221183733783956
0.6822969523370928	cosine	24.0	18.0	15.0	0.1914913114169006	0.09493692298572759
-0.7646014399948587	cosine	24.0	21.0	6.0	0.2338342559366841	0.05470697449766232
-0.27107888851493317	cosine	24.0	15.0	6.0	0.2932207336348896	0.022353887279688553
-0.7457725052639557	cosine	24.0	3.0	6.0	0.2857974239226139	0.02519881865604328
-1.0635667988081354	cosine	24.0	18.0	15.0	0.22152916418817914	0.06468486429452701
-0.3744973424631027	cosine	24.0	6.0	3.0	0.2857974239226139	0.02519881865604328
-0.3531891776780139	cosine	24.0	21.0	18.0	0.3235369801680049	0.01338212467957003
-1.838225382625273	cosine	24.0	15.0	18.0	0.10137775310306503	0.24383056159149213
0.0248488325219851	cosine	24.0	12.0	15.0	0.27409540653791653	0.03029598352690821
0.11714703678663711	cosine	24.0	18.0	9.0	0.21898763651213274	0.06691183000253088
0.02268254297181826	cosine	24.0	21.0	18.0	0.20315112708223565	0.08214673110717585
-0.23704765024340596	cosine	24.0	12.0	15.0	0.29662379611637546	0.021143176383724687
0.12818849037130822	cosine	24.0	9.0	6.0	0.2421801600886935	0.04866185976418303
1.09428127592085	cosine	24.0	9.0	3.0	0.4685601590353659	0.0006688423871824162
-0.4477013134996002	cosine	24.0	15.0	12.0	0.1914913114169006	0.09493692298572759
0.5759997557241139	cosine	24.0	3.0	12.0	0.1589977496259266	0.13818700065494172
-2.3534056733717383	cosine	24.0	21.0	0.0	0.24774067964969962	0.04493949144849353
0.16017275818329899	cosine	24.0	9.0	6.0	0.28689034348968306	0.024761821716796587
0.5295211886953266	cosine	24.0	18.0	0.0	0.2583465585551994	0.03847661585264555
-1.2776089597857474	cosine	24.0	21.0	18.0	0.2257234745358174	0.061136095767155875
0.3138990442899431	cosine	24.0	0.0	12.0	0.4502611449104903	0.0010263673653035312
0.2450457800776493	cosine	24.0	3.0	6.0	0.41199368903130057	0.0023973316316347427
0.1586926104853345	cosine	24.0	9.0	0.0	0.1885787263005176	0.09834961988888624
-0.6331171254581845	cosine	24.0	0.0	21.0	0.2773216563242906	0.02881195020498228
0.30137440730459286	cosine	24.0	9.0	12.0	0.2505938333618936	0.043120464095440875
-0.7918848189160403	cosine	24.0	6.0	9.0	0.227276765621697	0.05986116155126607
0.45935127415646115	cosine	24.0	15.0	9.0	0.39569872439840376	0.0033747297067160454
-2.02401252047781	cosine	24.0	15.0	9.0	0.32850460138735404	0.012257919988595213
-0.4225471015683544	cosine	24.0	3.0	9.0	0.1413117939947929	0.16666639132744304
0.5995389227485297	cosine	24.0	21.0	18.0	0.4288746016180531	0.0016619323581332764
-0.39269438147304486	cosine	24.0	21.0	18.0	0.3009646327144232	0.019679757062280118
-1.9391722745218414	cosine	24.0	0.0	9.0	0.4695980047091321	0.0006525066655595678
-1.728579894958324	cosine	24.0	12.0	15.0	0.3041332593091951	0.01866662856252859
0.8294217795720118	cosine	24.0	9.0	6.0	0.3539556185911674	0.0076925343627084405
-2.271070623074688	cosine	24.0	12.0	15.0	0.15394399545280243	0.1459636853800239
1.5146413505158607	cosine	24.0	3.0	12.0	0.23295019131240413	0.055380662873957556
-1.6731014756140745	cosine	24.0	18.0	15.0	0.18398184822408098	0.10391722445107726
0.6894999414035691	cosine	24.0	18.0	15.0	0.2891143329235558	0.023892184636934675
-2.8524648298018116	cosine	24.0	6.0	9.0	0.23472846285519525	0.05403216505640069
-0.840246787590284	cosine	24.0	21.0	18.0	0.3009646327144232	0.019679757062280118
-0.7763744908801885	cosine	24.0	9.0	6.0	0.3092454351901779	0.01712572740233685
0.6471285007478577	cosine	24.0	6.0	9.0	0.2645352517891883	0.03506947273840929
1.3844074674781695	cosine	24.0	3.0	6.0	0.2932207336348896	0.022353887279688553
1.770932956634389	cosine	24.0	9.0	21.0	0.41199368903130057	0.0023973316316347427
0.18333038659210021	cosine	24.0	6.0	3.0	0.2561041850735112	0.03977585423405737
-0.8878725605251522	cosine	24.0	12.0	15.0	0.25156701695945766	0.04251378781533029
1.2678185030470748	cosine	24.0	15.0	6.0	0.24125756564895978	0.04930266217726652
-0.9229455441605235	cosine	24.0	21.0	0.0	0.44741227220318885	0.0010956827098778873
-0.47475536921146033	cosine	24.0	9.0	12.0	0.21319176868101397	0.07221183733783956
0.9432418343999306	cosine	24.0	0.0	18.0	0.32477853075510776	0.013093115992743426
-0.6127214152709568	cosine	24.0	12.0	15.0	0.326661648887654	0.01266506290239042
0.6434572292765223	cosine	24.0	0.0	15.0	0.14420726128863112	0.16176125330350544
-0.7767302669265757	cosine	24.0	0.0	21.0	0.2625311679869951	0.03614461188618968
0.3967422449739786	cosine	24.0	3.0	6.0	0.37487714046992215	0.0051377970621272195
-1.307629845831506	cosine	24.0	6.0	15.0	0.2783741142103382	0.0283411053804827
-1.4620190627872827	cosine	24.0	18.0	21.0	0.3385852118037261	0.01022576234529446
-0.636017630774697	cosine	24.0	21.0	0.0	0.2773216563242906	0.02881195020498228
-1.5453896071921622	cosine	24.0	9.0	3.0	0.23799881093859857	0.05162016738148153
-1.2097856342607165	cosine	24.0	15.0	18.0	0.13141560587434356	0.18414709071421098
0.19459988124778696	cosine	24.0	3.0	21.0	0.2952532097773707	0.02162395005989455
1.3169029492870794	cosine	24.0	3.0	6.0	0.21156432679985704	0.0737564416596048
0.9999189294310266	cosine	24.0	18.0	3.0	0.14420726128863112	0.16176125330350544
0.0754964009385742	cosine	24.0	21.0	0.0	0.2699264121556429	0.03230693818080994
-2.133858775002886	cosine	24.0	15.0	6.0	0.14475453938937588	0.160844803171809
0.7399432928416246	cosine	24.0	15.0	12.0	0.22152916418817914	0.06468486429452701
-0.48741676818480517	cosine	24.0	12.0	9.0	0.22815259455336584	0.059151522051165605
-0.2710602207498721	cosine	24.0	21.0	6.0	0.3451839016208194	0.009060553512911972
0.46996029634294956	cosine	24.0	6.0	21.0	0.1299079199648245	0.18690708075242085
-0.4202325083039209	cosine	24.0	0.0	3.0	0.2857974239226139	0.02519881865604328
-0.29030057045157015	cosine	24.0	9.0	6.0	0.2943420407231813	0.021948655444004782
-1.167050968797644	cosine	24.0	18.0	9.0	0.30806735305944094	0.01747083493063007
0.9432304699712075	cosine	24.0	6.0	9.0	0.17511488498720915	0.11529525052334588
-0.46497703682839553	cosine	24.0	0.0	21.0	0.22555494714375637	0.0612756889104502
0.9920903253596595	cosine	24.0	9.0	12.0	0.1159464005107269	0.21366443655480294
-0.7855238606355569	cosine	24.0	18.0	12.0	0.34476520865018734	0.009130873203981702
-1.4184423327860003	cosine	24.0	12.0	18.0	0.17238260432509367	0.1189734811540229
1.1242285861490904	cosine	24.0	3.0	6.0	0.2264109462244084	0.060569228522496806
0.5898147628537201	cosine	24.0	12.0	9.0	0.28051548510659735	0.027402861731981906
0.7116228408054599	cosine	24.0	6.0	0.0	0.26774866230592337	0.033400440030095055
0.3252802447342776	cosine	24.0	0.0	3.0	0.2709508044980625	0.03180287707901677
-0.09454335847072674	cosine	24.0	15.0	18.0	0.1914913114169006	0.09493692298572759
-0.967251715330963	cosine	24.0	18.0	6.0	0.2889602459083517	0.023951597624435963
-0.8649707476002618	cosine	24.0	9.0	21.0	0.32291397248399234	0.01352921307913464
1.149290869075951	cosine	24.0	0.0	21.0	0.22555494714375637	0.0612756889104502
0.616898078145723	cosine	24.0	18.0	15.0	0.2365480905738184	0.052679346147498834
-3.2457629397419523	cosine	24.0	0.0	18.0	0.2066772468441595	0.07854663026645384
1.028338667623546	cosine	24.0	15.0	12.0	0.2140197009953595	0.07143562183788349
-1.3377378085565907	cosine	24.0	3.0	0.0	0.3377605919085437	0.010380190257282039
0.4323846977842726	cosine	24.0	21.0	18.0	0.4288746016180531	0.0016619323581332764
-0.29668471833584104	cosine	24.0	12.0	18.0	0.20236218768597952	0.08296897952321058
1.4597657843628224	cosine	24.0	6.0	3.0	0.24868087536123548	0.04433336645633893
-0.9190700811499479	cosine	24.0	0.0	21.0	0.3142978771675294	0.015710968084713377
0.8725896609568082	cosine	24.0	15.0	12.0	0.18398184822408098	0.10391722445107726
-0.3430769547573933	cosine	24.0	18.0	15.0	0.3041332593091951	0.01866662856252859
-1.3362650317373719	cosine	24.0	6.0	3.0	0.5010734055786088	0.00030139482958367174
0.5645959868989306	cosine	24.0	3.0	0.0	0.24868087536123548	0.04433336645633893
-1.3587514205579432	cosine	24.0	9.0	6.0	0.3539556185911674	0.0076925343627084405
0.46889100578412346	cosine	24.0	15.0	12.0	0.326661648887654	0.01266506290239042
-0.3657284647771315	cosine	24.0	6.0	3.0	0.2709508044980625	0.03180287707901677
-0.5028502816416739	cosine	24.0	3.0	6.0	0.24868087536123548	0.04433336645633893
1.1003842471350616	cosine	24.0	3.0	6.0	0.2709508044980625	0.03180287707901677
1.6344627652338748	cosine	24.0	6.0	3.0	0.14475453938937588	0.160844803171809
-0.35049987171304714	cosine	24.0	12.0	3.0	0.2773216563242906	0.02881195020498228
-0.18072054066467302	cosine	24.0	9.0	15.0	0.2165143963689379	0.06913545510964812
-1.029525877843902	cosine	24.0	12.0	15.0	0.2891143329235558	0.023892184636934675
-0.39041048705761655	cosine	24.0	9.0	12.0	0.2655546592342455	0.03453273942337478
0.2610191699674409	cosine	24.0	3.0	0.0	0.1818710879507543	0.10654892958100276
0.6448433813162671	cosine	24.0	3.0	0.0	0.2932207336348896	0.022353887279688553
0.4818740477063741	cosine	24.0	18.0	0.0	0.39859183319945046	0.003178592823322213
0.09367027267979361	cosine	24.0	9.0	6.0	0.21982506838819874	0.06617158668631351
0.0671173901569	cosine	24.0	0.0	15.0	0.3808550746853591	0.004562440916140081
0.8836335790046043	cosine	24.0	6.0	9.0	0.28689034348968306	0.024761821716796587
-0.9376064260254846	cosine	24.0	12.0	15.0	0.2590764801522773	0.03806123580744964
1.8433685365516763	cosine	24.0	21.0	3.0	0.3395411912439763	0.010049245916082774
-0.001331045897885037	cosine	24.0	18.0	9.0	0.2783741142103382	0.0283411053804827
0.431910297190025	cosine	24.0	0.0	9.0	0.2551359238183474	0.04034778682105685
-0.9783896225516028	cosine	24.0	21.0	0.0	0.22555494714375637	0.0612756889104502
-1.8621606879563426	cosine	24.0	6.0	9.0	0.12295300435272132	0.19996727842991724
-0.7308687335977248	cosine	24.0	18.0	6.0	0.20745863808804735	0.07776527938023642
-0.4610218475623768	cosine	24.0	3.0	9.0	0.23799881093859857	0.05162016738148153
0.6870736805250922	cosine	24.0	15.0	21.0	0.2954763109789492	0.021545066942792488
-0.7625827367395673	cosine	24.0	3.0	6.0	0.21156432679985704	0.0737564416596048
-0.11917579965344383	cosine	24.0	6.0	12.0	0.31357257405156524	0.01590768779332286
-0.5521386606947353	cosine	24.0	21.0	6.0	0.1818710879507543	0.10654892958100276
0.15722129089012746	cosine	24.0	0.0	21.0	0.23295019131240413	0.055380662873957556
0.050942713481493485	cosine	24.0	3.0	0.0	0.15217784910165155	0.14874946071331063
0.021077411249725675	cosine	24.0	0.0	18.0	0.19929591659972523	0.08622355226943118
0.5284187038262733	cosine	24.0	12.0	21.0	0.24963185732219176	0.04372700742698232
0.4549313349153351	cosine	24.0	15.0	18.0	0.14643453225998282	0.15805277010113494
0.9152212170648296	cosine	24.0	15.0	12.0	0.20651023780253988	0.07871439991892487
0.42556084332882954	cosine	24.0	18.0	6.0	0.32600643128121726	0.012812606678637387
0.8333541241094854	cosine	24.0	9.0	12.0	0.2954763109789492	0.021545066942792488
-2.0310257581004234	cosine	24.0	12.0	15.0	0.41677520720148953	0.002163732623355074
-1.0188684565152892	cosine	24.0	15.0	18.0	0.22152916418817914	0.06468486429452701
-1.011675097249191	cosine	24.0	12.0	15.0	0.17647238503126134	0.1134981303078686
0.5796012387770785	cosine	24.0	21.0	18.0	0.24829582198939915	0.044580801125198674
0.4538413551652758	cosine	24.0	12.0	15.0	0.40926574400866994	0.002540607755278459
-1.8578453299657258	cosine	24.0	3.0	6.0	0.2264109462244084	0.060569228522496806
-1.071963946019833	cosine	24.0	3.0	6.0	0.2857974239226139	0.02519881865604328
-1.2259377170896955	cosine	24.0	3.0	21.0	0.2878718795329364	0.024374796195956446
0.12587871686136137	cosine	24.0	18.0	15.0	0.14643453225998282	0.15805277010113494
0.6075859890560761	cosine	24.0	15.0	9.0	0.23891243737262113	0.050961859814427864
0.09710417512192919	cosine	24.0	9.0	12.0	0.33287837565982886	0.011336791543103485
0.4481857967912652	cosine	24.0	9.0	0.0	0.4400170280345411	0.0012961112381875797
0.30265702473010414	cosine	24.0	21.0	0.0	0.24034543548105186	0.04994280222373064
-0.9050783591022722	cosine	24.0	21.0	6.0	0.3674538307576464	0.00594159154192835
-0.30346271007944925	cosine	24.0	6.0	9.0	0.16021149052021263	0.13636216882002333
0.42638780258055997	cosine	24.0	12.0	21.0	0.34650392135766916	0.008841950715020211
1.4015889749089578	cosine	24.0	18.0	15.0	0.0938682899102454	0.2602341422708193
0.8422477754403528	cosine	24.0	6.0	9.0	0.21982506838819874	0.06617158668631351
0.09417559594616341	cosine	24.0	12.0	15.0	0.3116427225020147	0.016441424648025
0.03722219318063261	cosine	24.0	21.0	3.0	0.3616851819772791	0.0066412775630506635
-0.6419513038848839	cosine	24.0	18.0	15.0	0.15394399545280243	0.1459636853800239
-0.9616561947701894	cosine	24.0	0.0	9.0	0.24774067964969962	0.04493949144849353
-0.7628914246577376	cosine	24.0	0.0	3.0	0.1818710879507543	0.10654892958100276
0.3197939381654004	cosine	24.0	9.0	12.0	0.19823094280866213	0.08737598727842949
-1.3649964918710826	cosine	24.0	0.0	3.0	0.19671770737530567	0.08903321910476264
-0.06749643008071587	cosine	24.0	21.0	0.0	0.22555494714375637	0.0612756889104502
-1.1037778252112092	cosine	24.0	15.0	18.0	0.20651023780253988	0.07871439991892487
0.22400909959034832	cosine	24.0	15.0	6.0	0.3823004501821978	0.004432269204779407
-1.8156326056067025	cosine	24.0	18.0	15.0	0.3041332593091951	0.01866662856252859
-1.1330989095480897	cosine	24.0	3.0	0.0	0.24868087536123548	0.04433336645633893
-1.3614728540264738	cosine	24.0	12.0	21.0	0.21237337115470045	0.07298545049751572
-1.0055780156822662	cosine	24.0	3.0	21.0	0.22143990733302804	0.06476208627439409
0.5527771585441658	cosine	24.0	0.0	21.0	0.35127409801076814	0.008090044838256295
0.45306908035099475	cosine	24.0	6.0	3.0	0.16702446852620292	0.12642548136726045
0.6661684992123165	cosine	24.0	3.0	21.0	0.5093117868659645	0.00024445845820754306
-0.18498185589101093	cosine	24.0	15.0	18.0	0.3717184280445718	0.005467174495423315
0.2495402235321984	cosine	24.0	18.0	0.0	0.2583465585551994	0.03847661585264555
-0.8981307078835037	cosine	24.0	21.0	0.0	0.3808550746853591	0.004562440916140081
0.4362607304346053	cosine	24.0	0.0	21.0	0.24034543548105186	0.04994280222373064
0.23468905529634157	cosine	24.0	18.0	21.0	0.2558199378072597	0.039943065844359166
-0.30338582543531367	cosine	24.0	12.0	9.0	0.28799589804277326	0.02432625829671131
0.6687185568682279	cosine	24.0	0.0	3.0	0.21156432679985704	0.0737564416596048
-0.6287103784246079	cosine	24.0	21.0	12.0	0.19746997668770394	0.08820646422125328
-0.3927133691199278	cosine	24.0	18.0	15.0	0.22152916418817914	0.06468486429452701
-0.7039597552621987	cosine	24.0	6.0	3.0	0.15217784910165155	0.14874946071331063
0.7032609535134395	cosine	24.0	6.0	12.0	0.48529088841313667	0.0004463792834649967
1.1287670106169436	cosine	24.0	18.0	21.0	0.21819935871795682	0.06761446149507122
-1.7288063003742902	cosine	24.0	9.0	12.0	0.1907505298724862	0.09579651477177781
0.05784955503813481	cosine	24.0	21.0	0.0	0.17378823796322213	0.11707097859576515
-1.2226404194089997	cosine	24.0	3.0	0.0	0.2857974239226139	0.02519881865604328
1.5167574968803201	cosine	24.0	9.0	6.0	0.2049216739212022	0.08032379819344765
1.301149843049699	cosine	24.0	12.0	6.0	0.2687764920441988	0.03288060196554171
-0.9191272405939088	cosine	24.0	21.0	15.0	0.23563300748954177	0.05335627493079011
1.5461779647839056	cosine	24.0	0.0	21.0	0.3660645863480636	0.006103836469221554
-0.48926784358627423	cosine	24.0	21.0	12.0	0.3614073158246657	0.006676747380572879
0.3868028265301187	cosine	24.0	18.0	15.0	0.4468130599727681	0.001110797488048831
0.5576109775506695	cosine	24.0	18.0	21.0	0.4815434123430771	0.0004892207486047931
0.6467474508188208	cosine	24.0	6.0	0.0	0.26774866230592337	0.033400440030095055
0.4650589610435456	cosine	24.0	21.0	0.0	0.18118348213186988	0.10741654185240362
0.6538475001351396	cosine	24.0	0.0	3.0	0.14475453938937588	0.160844803171809
-0.41983498580764006	cosine	24.0	15.0	0.0	0.4104360513599501	0.0024782190637700975
-0.5790957803690444	cosine	24.0	6.0	0.0	0.24543627378042976	0.04645332880937976
-0.3498247052306224	cosine	24.0	0.0	21.0	0.24774067964969962	0.04493949144849353
0.5247402493825853	cosine	24.0	0.0	21.0	0.39564556302265463	0.003378433371147737
-1.6339025014249247	cosine	24.0	0.0	6.0	0.3198109021987418	0.014282791544260957
0.20291085894206087	cosine	24.0	21.0	3.0	0.28049054928850214	0.02741363646522646
0.6376709468761897	cosine	24.0	21.0	0.0	0.21076445880646086	0.0745247925817003
-1.264743622955574	cosine	24.0	0.0	21.0	0.2625311679869951	0.03614461188618968
1.1261016952395353	cosine	24.0	3.0	9.0	0.1710616453621177	0.12078118127288895
-0.26741716866517806	cosine	24.0	21.0	18.0	0.37620579089302897	0.005004611630800322
0.013155196198551208	cosine	24.0	12.0	15.0	0.26658594334509694	0.03399663812377356
-0.22318420940086836	cosine	24.0	0.0	15.0	0.2625311679869951	0.03614461188618968
1.410619523659691	cosine	24.0	12.0	6.0	0.32103858771945964	0.013980433055581136
0.5454272222775608	cosine	24.0	3.0	0.0	0.2264109462244084	0.060569228522496806
-0.1913690667351098	cosine	24.0	21.0	18.0	0.21067524290009623	0.0746108704887449
0.041987679666917264	cosine	24.0	3.0	18.0	0.20336921463781313	0.08192052243423542
1.1540352862327763	cosine	24.0	6.0	3.0	0.31549066277171667	0.015391993660926931
2.1617268024025225	cosine	24.0	6.0	21.0	0.2264109462244084	0.060569228522496806
-0.09268681688142652	cosine	24.0	9.0	15.0	0.3658346697268261	0.006131062942941702
-1.7976116361773011	cosine	24.0	9.0	12.0	0.15334846519160655	0.14689908245619482
-1.1851117571034568	cosine	24.0	18.0	15.0	0.2365480905738184	0.052679346147498834
-1.0459008451707998	cosine	24.0	18.0	21.0	0.21067524290009623	0.0746108704887449
0.6472465664214334	cosine	24.0	6.0	0.0	0.21568642241310496	0.06989245255810622
0.5210507123659432	cosine	24.0	9.0	12.0	0.19823094280866213	0.08737598727842949
-0.05586205441511157	cosine	24.0	21.0	12.0	0.37631071029166224	0.0049942265676904355
0.9827069635889821	cosine	24.0	9.0	12.0	0.3029567239151251	0.019037505968002938
-0.1614162018018137	cosine	24.0	6.0	3.0	0.21898763651213274	0.06691183000253088
0.6063852419504768	cosine	24.0	6.0	3.0	0.26352749478578685	0.03560678181850737
1.645266542731286	cosine	24.0	3.0	18.0	0.3734598305167114	0.005283338852544909
0.2299387653597325	cosine	24.0	6.0	0.0	0.38674806777522264	0.004052272995904978
-1.0154930457583908	cosine	24.0	15.0	21.0	0.18327011693631026	0.10479929422810885
0.8795175908848353	cosine	24.0	15.0	21.0	0.19823094280866213	0.08737598727842949
0.7680836633845245	cosine	24.0	12.0	3.0	0.3808550746853591	0.004562440916140081
0.806169320426978	cosine	24.0	9.0	3.0	0.23056134809676734	0.057233835382467506
-0.9634381245565644	cosine	24.0	3.0	0.0	0.19671770737530567	0.08903321910476264
0.36357058989567825	cosine	24.0	15.0	18.0	0.25156701695945766	0.04251378781533029
1.890647366632447	cosine	24.0	12.0	9.0	0.28799589804277326	0.02432625829671131
-0.1489543556362679	cosine	24.0	18.0	15.0	0.2365480905738184	0.052679346147498834
1.0012521197581936	cosine	24.0	12.0	0.0	0.2952532097773707	0.02162395005989455
-0.03795738916332995	cosine	24.0	15.0	21.0	0.5198886990642271	0.0001860172695848419
-0.3417422177255959	cosine	24.0	9.0	12.0	0.18327011693631026	0.10479929422810885
0.554067488985109	cosine	24.0	6.0	3.0	0.10763799082799744	0.23059422607029073
-1.174276812000544	cosine	24.0	9.0	3.0	0.24543627378042976	0.04645332880937976
-0.7167704917611024	cosine	24.0	6.0	9.0	0.40611749922565527	0.002715547870623878
0.4965456248478803	cosine	24.0	21.0	0.0	0.23295019131240413	0.055380662873957556
-0.4826191437130857	cosine	24.0	15.0	12.0	0.19900077460972024	0.08654178804169727
-0.6277703010009352	cosine	24.0	15.0	18.0	0.15394399545280243	0.1459636853800239
-0.6235688750688954	cosine	24.0	3.0	6.0	0.1299079199648245	0.18690708075242085
-0.21220335290432601	cosine	24.0	6.0	3.0	0.2264109462244084	0.060569228522496806
0.8454074643815618	cosine	24.0	6.0	0.0	0.20081149672944254	0.08460315962917975
0.8364356613688289	cosine	24.0	9.0	12.0	0.2730350721704214	0.03079734328122759
0.19387462867349692	cosine	24.0	6.0	9.0	0.16021149052021263	0.13636216882002333
-0.14455461916327522	cosine	24.0	0.0	6.0	0.1487492568366241	0.154258285657701
-1.0495565032917946	cosine	24.0	21.0	18.0	0.3686816750751684	0.00580139155636977
0.9609861013953999	cosine	24.0	15.0	18.0	0.2140197009953595	0.07143562183788349
-2.179504331873817	cosine	24.0	12.0	9.0	0.23563300748954177	0.05335627493079011
1.1044636118322433	cosine	24.0	12.0	15.0	0.3041332593091951	0.01866662856252859
0.5701381839284793	cosine	24.0	15.0	12.0	0.17647238503126134	0.1134981303078686
-0.06694431904072279	cosine	24.0	9.0	12.0	0.18327011693631026	0.10479929422810885
-0.04940027764532458	cosine	24.0	15.0	21.0	0.317917549787477	0.014760129652761701
0.1123645423305425	cosine	24.0	9.0	6.0	0.27198694902268655	0.031299660183120276
0.0007001728505372843	cosine	24.0	3.0	6.0	0.19671770737530567	0.08903321910476264
0.325447248450592	cosine	24.0	9.0	15.0	0.19411635536525468	0.09193660660926267
0.6711510717040404	cosine	24.0	12.0	15.0	0.19900077460972024	0.08654178804169727
-0.16780787970857072	cosine	24.0	3.0	0.0	0.17444777823847862	0.11618577088949705
-0.18055897932297318	cosine	24.0	15.0	6.0	0.2561041850735112	0.03977585423405737
-0.7407044414634463	cosine	24.0	18.0	21.0	0.46649518070735596	0.0007024729501357146
-0.3453994763736513	cosine	24.0	12.0	9.0	0.19823094280866213	0.08737598727842949
1.3379753705950868	cosine	24.0	3.0	6.0	0.39714706960674917	0.0032752197042900965
-2.515531541630988	cosine	24.0	6.0	12.0	0.38823271073050936	0.003932079535862722
-0.9927650332571516	cosine	24.0	0.0	3.0	0.30806735305944094	0.01747083493063007
-0.24796004626248855	cosine	24.0	15.0	12.0	0.13892506906716318	0.17078109313035117
1.4182930748852585	cosine	24.0	15.0	0.0	0.28471690049293835	0.0256371939762934
-2.114107332578343	cosine	24.0	15.0	6.0	0.17444777823847862	0.11618577088949705
-0.6954747365979481	cosine	24.0	6.0	9.0	0.2794386462561848	0.02787139059585182
-0.684485238587178	cosine	24.0	9.0	12.0	0.09350516170219911	0.2610415262712782
-0.082069725426514	cosine	24.0	15.0	21.0	0.1159464005107269	0.21366443655480294
2.9742158231335725	cosine	24.0	15.0	18.0	0.25156701695945766	0.04251378781533029
-0.04640467237844312	cosine	24.0	21.0	12.0	0.3092454351901779	0.01712572740233685
-1.4040157352952474	cosine	24.0	9.0	6.0	0.227276765621697	0.05986116155126607
0.009503533718733113	cosine	24.0	9.0	0.0	0.3216931213361771	0.01382149916799702
-0.39706709513835353	cosine	24.0	0.0	3.0	0.15960115881392725	0.1372777177333498
-0.928825332298115	cosine	24.0	9.0	21.0	0.45653354730495466	0.0008877098963792871
-1.0794621205935302	cosine	24.0	15.0	12.0	0.22903862738099875	0.05844034568396187
0.5559884138154645	cosine	24.0	9.0	18.0	0.21898763651213274	0.06691183000253088
-0.5575529952507257	cosine	24.0	15.0	3.0	0.3838291727105819	0.00429821088254844
0.9055055757060637	cosine	24.0	3.0	0.0	0.1818710879507543	0.10654892958100276
-0.025928461513969794	cosine	24.0	21.0	3.0	0.21405857708859377	0.07139933215686703
0.6867954633631335	cosine	24.0	15.0	6.0	0.4639568570172304	0.0007459471323478724
-0.6050582933403139	cosine	24.0	18.0	21.0	0.2257234745358174	0.061136095767155875
0.3452910457057315	cosine	24.0	21.0	18.0	0.2783922852608415	0.028333032653019858
-2.0708226730807446	cosine	24.0	15.0	6.0	0.2709508044980625	0.03180287707901677
-0.25492586256260075	cosine	24.0	9.0	6.0	0.1676631877537109	0.12552046793508637
1.4440007115644595	cosine	24.0	18.0	21.0	0.3461093276215867	0.008906808161730659
0.898768510032805	cosine	24.0	3.0	18.0	0.21815970297510862	0.06764995867882109
-0.5044124263728325	cosine	24.0	21.0	0.0	0.16639299379457437	0.12732468937632635
-0.8444843122328388	cosine	24.0	6.0	9.0	0.17511488498720915	0.11529525052334588
0.03553317289891011	cosine	24.0	0.0	21.0	0.24774067964969962	0.04493949144849353
0.6133250344035998	cosine	24.0	12.0	15.0	0.20651023780253988	0.07871439991892487
0.18764864093149314	cosine	24.0	18.0	15.0	0.3041332593091951	0.01866662856252859
-0.242594189484191	cosine	24.0	6.0	3.0	0.26352749478578685	0.03560678181850737
0.8320373105052674	cosine	24.0	6.0	9.0	0.23472846285519525	0.05403216505640069
-1.4234720338364426	cosine	24.0	6.0	3.0	0.24868087536123548	0.04433336645633893
-0.2199439509167838	cosine	24.0	18.0	3.0	0.18118348213186988	0.10741654185240362
-1.340943630267885	cosine	24.0	0.0	3.0	0.16702446852620292	0.12642548136726045
0.4348562142748555	cosine	24.0	18.0	3.0	0.3586693421794159	0.0070353044355588755
-0.3324775600829817	cosine	24.0	6.0	12.0	0.48529088841313667	0.0004463792834649967
-0.049475463899579304	cosine	24.0	15.0	9.0	0.46289284740945347	0.0007648972416465147
0.20606480211031736	cosine	24.0	3.0	6.0	0.2264109462244084	0.060569228522496806
0.6299152922715812	cosine	24.0	6.0	9.0	0.33160052689067265	0.011599478395197028
0.2784268926760576	cosine	24.0	9.0	6.0	0.227276765621697	0.05986116155126607
-0.32371864524535954	cosine	24.0	21.0	18.0	0.21819935871795682	0.06761446149507122
0.8311670645730396	cosine	24.0	0.0	6.0	0.2974985136732482	0.020841095044795872
-0.19406727316474798	cosine	24.0	6.0	9.0	0.21982506838819874	0.06617158668631351
-1.442923327487601	cosine	24.0	12.0	15.0	0.25156701695945766	0.04251378781533029
-1.1056420065503305	cosine	24.0	9.0	15.0	0.24637845104051553	0.04582950804198322
0.07995413127905658	cosine	24.0	3.0	9.0	0.5206223989281844	0.00018249160880538435
0.8748881315334653	cosine	24.0	3.0	18.0	0.2625311679869951	0.03614461188618968
2.0264400356619165	cosine	24.0	18.0	12.0	0.3372703128099659	0.010472966073771602
0.5216379532170026	cosine	24.0	21.0	3.0	0.1845332561108567	0.10323755908592297
0.6711072654333163	cosine	24.0	15.0	12.0	0.1914913114169006	0.09493692298572759
1.407579106316413	cosine	24.0	15.0	18.0	0.13892506906716318	0.17078109313035117
1.8031267448524646	cosine	24.0	15.0	9.0	0.16425230069367702	0.1304060561266036
0.4075913377474102	cosine	24.0	9.0	12.0	0.2206721816171899	0.0654292553875976
1.358432961979683	cosine	24.0	15.0	21.0	0.33287837565982886	0.011336791543103485
1.0102141369087927	cosine	24.0	18.0	9.0	0.14475453938937588	0.160844803171809
1.2434399087597487	cosine	24.0	12.0	15.0	0.20651023780253988	0.07871439991892487
0.6817343185135151	cosine	24.0	9.0	15.0	0.2613104783763044	0.03681260452934408
-0.06187415881764489	cosine	24.0	18.0	21.0	0.28591640107870203	0.025150935058516143
-0.5379857301134148	cosine	24.0	12.0	15.0	0.22903862738099875	0.05844034568396187
0.14395521882333273	cosine	24.0	21.0	18.0	0.2633440536251203	0.03570531001355481
1.186415030760571	cosine	24.0	3.0	6.0	0.16702446852620292	0.12642548136726045
-0.35956832068446476	cosine	24.0	15.0	18.0	0.20651023780253988	0.07871439991892487
1.6111871558672433	cosine	24.0	21.0	18.0	0.3837299067108896	0.004306804500442138
1.0060357793573975	cosine	24.0	12.0	3.0	0.3586693421794159	0.0070353044355588755
-1.7191858845897987	cosine	24.0	12.0	15.0	0.2365480905738184	0.052679346147498834
0.1810151800205222	cosine	24.0	18.0	15.0	0.10888721629588466	0.22800182111776734
0.4257259579009225	cosine	24.0	9.0	0.0	0.29950738883023387	0.02016114215609676
0.7157108959017073	cosine	24.0	0.0	3.0	0.24868087536123548	0.04433336645633893
0.3807109522132406	cosine	24.0	0.0	12.0	0.33215986099954203	0.011483852877009561
1.4227715858248084	cosine	24.0	0.0	3.0	0.3674538307576464	0.00594159154192835
0.4751517570401293	cosine	24.0	21.0	0.0	0.28471690049293835	0.0256371939762934
-1.520467519447797	cosine	24.0	12.0	15.0	0.22152916418817914	0.06468486429452701
0.4582508102153546	cosine	24.0	3.0	21.0	0.2583465585551994	0.03847661585264555
0.43536765989738035	cosine	24.0	21.0	18.0	0.3235369801680049	0.01338212467957003
-0.09393839522364499	cosine	24.0	9.0	6.0	0.1825665822207074	0.1056765215839412
2.596827569192054	cosine	24.0	18.0	9.0	0.21898763651213274	0.06691183000253088
-0.05501775153030207	cosine	24.0	21.0	9.0	0.2932207336348896	0.022353887279688553
-1.0848690336933993	cosine	24.0	6.0	9.0	0.25708355455569004	0.03920408275739036
-0.1411071462311527	cosine	24.0	0.0	3.0	0.2338342559366841	0.05470697449766232
-0.7744757283084487	cosine	24.0	9.0	12.0	0.2954763109789492	0.021545066942792488
0.24841939539856123	cosine	24.0	12.0	18.0	0.23234177104686538	0.055848093948642805
1.3778407875641832	cosine	24.0	9.0	15.0	0.2613104783763044	0.03681260452934408
0.02251432926218537	cosine	24.0	12.0	15.0	0.2590764801522773	0.03806123580744964
-0.4212466921743816	cosine	24.0	6.0	21.0	0.330337282196268	0.011864341762666228
-1.5743628376260093	cosine	24.0	6.0	3.0	0.31549066277171667	0.015391993660926931
1.0792646855555326	cosine	24.0	12.0	9.0	0.17578970400013433	0.11439938205227845
-2.119095854393733	cosine	24.0	15.0	6.0	0.26352749478578685	0.03560678181850737
-0.1418581074906792	cosine	24.0	9.0	6.0	0.2794386462561848	0.02787139059585182
-0.791754457426195	cosine	24.0	18.0	9.0	0.30064404334716527	0.019784814684414773
0.12683183172224316	cosine	24.0	18.0	21.0	0.2257234745358174	0.061136095767155875
-0.8363883967006595	cosine	24.0	6.0	3.0	0.1299079199648245	0.18690708075242085
0.21844108889628372	cosine	24.0	6.0	21.0	0.330337282196268	0.011864341762666228
-0.9436867401031311	cosine	24.0	6.0	9.0	0.21982506838819874	0.06617158668631351
0.38286576818159995	cosine	24.0	3.0	6.0	0.18929439766303	0.09750285144846599
-1.176708819771946	cosine	24.0	15.0	6.0	0.3823004501821978	0.004432269204779407
1.4852907549829406	cosine	24.0	6.0	9.0	0.34650392135766916	0.008841950715020211
1.4956991538694744	cosine	24.0	21.0	18.0	0.15800643217507218	0.13968972354679038
-0.8215705882580852	cosine	24.0	15.0	12.0	0.10888721629588466	0.22800182111776734
1.3708883141380268	cosine	24.0	9.0	6.0	0.19001827945420569	0.09665182047357779
1.1469667995365642	cosine	24.0	9.0	6.0	0.21237337115470045	0.07298545049751572
-1.1706305509669732	cosine	24.0	12.0	6.0	0.2239804100368323	0.06259195697574524
1.4077906213838685	cosine	24.0	18.0	21.0	0.23324759035367798	0.05515330692798147
-1.175136877225191	cosine	24.0	9.0	6.0	0.31669713242367614	0.015075032280515356
-0.22007387260041467	cosine	24.0	3.0	0.0	0.31549066277171667	0.015391993660926931
-0.35351022809004184	cosine	24.0	9.0	12.0	0.18327011693631026	0.10479929422810885
-0.9826522567389355	cosine	24.0	6.0	0.0	0.2974985136732482	0.020841095044795872
0.01605009107738802	cosine	24.0	18.0	15.0	0.31915218569483433	0.014447331991700058
0.1998947818165416	cosine	24.0	18.0	21.0	0.24077170617153856	0.0496428218829794
0.8963893366386789	cosine	24.0	0.0	21.0	0.12941677295133563	0.18781168020979827
-0.9600234637367138	cosine	24.0	0.0	6.0	0.34956075356606664	0.008353384938283085
-0.2448674081518523	cosine	24.0	15.0	12.0	0.29662379611637546	0.021143176383724687
1.0925070628117086	cosine	24.0	21.0	18.0	0.18057877962865393	0.10818374624007071
-0.25506917972492343	cosine	24.0	3.0	15.0	0.2066772468441595	0.07854663026645384
0.8846478687931699	cosine	24.0	18.0	0.0	0.3838291727105819	0.00429821088254844
-0.6760617721473435	cosine	24.0	21.0	3.0	0.3395411912439763	0.010049245916082774
0.7642254205212802	cosine	24.0	12.0	18.0	0.32228052112952293	0.013680195882558224
0.7489324808317648	cosine	24.0	0.0	6.0	0.20081149672944254	0.08460315962917975
0.9663143807362223	cosine	24.0	0.0	18.0	0.16238926537755388	0.1331294177656946
0.5094263100065535	cosine	24.0	18.0	15.0	0.2140197009953595	0.07143562183788349
0.8183207028802227	cosine	24.0	21.0	3.0	0.413354493688319	0.00232862927072122
0.4201150210951138	cosine	24.0	3.0	6.0	0.36003052104537075	0.00685497779106477
0.8073409119289079	cosine	24.0	15.0	12.0	0.22152916418817914	0.06468486429452701
0.33118073556795474	cosine	24.0	6.0	12.0	0.41063075173419256	0.002467975134408087
0.08452103090607936	cosine	24.0	3.0	6.0	0.41199368903130057	0.0023973316316347427
-1.1321590514121385	cosine	24.0	12.0	18.0	0.1648877084848722	0.12948609931689714
1.6501801520716792	cosine	24.0	9.0	15.0	0.40316473806629816	0.002889432401796725
0.4695024963409148	cosine	24.0	15.0	18.0	0.4468130599727681	0.001110797488048831
0.1279005810570792	cosine	24.0	12.0	9.0	0.22815259455336584	0.059151522051165605
-0.16777179790264443	cosine	24.0	18.0	0.0	0.39859183319945046	0.003178592823322213
1.5128265981478368	cosine	24.0	12.0	6.0	0.23144642370472673	0.05654161670725406
0.5924845647069671	cosine	24.0	0.0	21.0	0.34387885384212036	0.009281315096840078
-0.9674098765278109	cosine	24.0	9.0	3.0	0.2603111994640922	0.03736692036454452
-0.3562155280747361	cosine	24.0	6.0	9.0	0.3837624075251605	0.00430398916286051
0.6458117267614913	cosine	24.0	0.0	6.0	0.17849910820394893	0.11085238011984289
0.20199807380079868	cosine	24.0	3.0	0.0	0.2561041850735112	0.03977585423405737
1.6546803302610626	cosine	24.0	15.0	18.0	0.386737354430211	0.004053152147956198
0.7598047962279395	cosine	24.0	18.0	15.0	0.25156701695945766	0.04251378781533029
0.0896466923642254	cosine	24.0	0.0	15.0	0.1589977496259266	0.13818700065494172
0.7058103525883429	cosine	24.0	6.0	9.0	0.28689034348968306	0.024761821716796587
1.6915850166589057	cosine	24.0	18.0	3.0	0.24034543548105186	0.04994280222373064
-0.6656979406455984	cosine	24.0	12.0	9.0	0.33287837565982886	0.011336791543103485
0.9139178714482749	cosine	24.0	6.0	9.0	0.3614073158246657	0.006676747380572879
0.564934102379393	cosine	24.0	12.0	6.0	0.1343882460220994	0.17878012069770977
-1.195580729615197	cosine	24.0	9.0	12.0	0.19823094280866213	0.08737598727842949
2.33626849693402	cosine	24.0	3.0	21.0	0.2583465585551994	0.03847661585264555
-1.0811867696681097	cosine	24.0	0.0	21.0	0.3142978771675294	0.015710968084713377
0.6840447602962627	cosine	24.0	0.0	3.0	0.39714706960674917	0.0032752197042900965
-0.24858653052461077	cosine	24.0	3.0	21.0	0.3100158702662392	0.016903200710028324
0.46546883880439827	cosine	24.0	18.0	15.0	0.2140197009953595	0.07143562183788349
0.22962652434965053	cosine	24.0	12.0	15.0	0.2891143329235558	0.023892184636934675
-0.2903939802868778	cosine	24.0	6.0	12.0	0.3509026423910373	0.008146509643390648
-2.350903231101521	cosine	24.0	12.0	15.0	0.18398184822408098	0.10391722445107726
1.1681104116615253	cosine	24.0	18.0	9.0	0.30064404334716527	0.019784814684414773
1.9242689436570821	cosine	24.0	3.0	21.0	0.28049054928850214	0.02741363646522646
-2.5391362080751145	cosine	24.0	21.0	18.0	0.3837299067108896	0.004306804500442138
0.28950316644283663	cosine	24.0	15.0	18.0	0.34168057527329326	0.009663826561076
-0.5936168473903731	cosine	24.0	18.0	21.0	0.21067524290009623	0.0746108704887449
-1.8477803144786709	cosine	24.0	18.0	15.0	0.22903862738099875	0.05844034568396187
-0.2501979205183367	cosine	24.0	12.0	15.0	0.22903862738099875	0.05844034568396187
-1.4839072778669256	cosine	24.0	12.0	15.0	0.25156701695945766	0.04251378781533029
-0.18714732033300713	cosine	24.0	21.0	3.0	0.2952532097773707	0.02162395005989455
0.1017415191167959	cosine	24.0	18.0	12.0	0.23234177104686538	0.055848093948642805
-1.081002968413008	cosine	24.0	18.0	12.0	0.32228052112952293	0.013680195882558224
-1.1998526596836272	cosine	24.0	0.0	21.0	0.1885787263005176	0.09834961988888624
-0.49075940822866426	cosine	24.0	18.0	12.0	0.38223968785129464	0.004437673986452457
-1.0075450565050947	cosine	24.0	18.0	15.0	0.18398184822408098	0.10391722445107726
-0.34222103153856526	cosine	24.0	12.0	15.0	0.26658594334509694	0.03399663812377356
-1.6385811056174369	cosine	24.0	12.0	15.0	0.26658594334509694	0.03399663812377356
-0.31626029333632655	cosine	24.0	9.0	12.0	0.2954763109789492	0.021545066942792488
-1.580923811551882	cosine	24.0	12.0	15.0	0.3116427225020147	0.016441424648025
1.9078894121800294	cosine	24.0	12.0	21.0	0.23472846285519525	0.05403216505640069
-0.5796040631959463	cosine	24.0	6.0	3.0	0.3451839016208194	0.009060553512911972
-0.8800868456959972	cosine	24.0	18.0	21.0	0.37620579089302897	0.005004611630800322
-1.3274644250777201	cosine	24.0	9.0	15.0	0.2837085193799876	0.026052042441162368
-0.02582437605691029	cosine	24.0	12.0	9.0	0.2505938333618936	0.043120464095440875
-1.5097905392756663	cosine	24.0	15.0	6.0	0.15960115881392725	0.1372777177333498
1.0006485909538607	cosine	24.0	12.0	15.0	0.34919003846611285	0.0084113441669734
0.12109433966751747	cosine	24.0	6.0	3.0	0.36003052104537075	0.00685497779106477
-0.5054626905002888	cosine	24.0	9.0	0.0	0.3586693421794159	0.0070353044355588755
-0.264013799290681	cosine	24.0	18.0	15.0	0.39424681762303065	0.003477203539555004
0.8699837281197509	cosine	24.0	15.0	18.0	0.24405755376663804	0.047378451921575866
0.6833534209357146	cosine	24.0	12.0	15.0	0.22903862738099875	0.05844034568396187
-0.01467398905115132	cosine	24.0	21.0	0.0	0.2625311679869951	0.03614461188618968
-2.47438130345769	cosine	24.0	21.0	0.0	0.21076445880646086	0.0745247925817003
-0.6616660563538933	cosine	24.0	18.0	15.0	0.2140197009953595	0.07143562183788349
0.9901699770086551	cosine	24.0	9.0	0.0	0.29950738883023387	0.02016114215609676
-0.39609292018206377	cosine	24.0	18.0	9.0	0.19671770737530567	0.08903321910476264
0.8735253642268354	cosine	24.0	12.0	0.0	0.3690665122217134	0.00575805764378841
0.7781058393216029	cosine	24.0	6.0	0.0	0.18593657104578012	0.10152240598303947
1.4724740386759987	cosine	24.0	18.0	15.0	0.3341711120804736	0.011076319946854101
-0.5322481229155841	cosine	24.0	9.0	12.0	0.2655546592342455	0.03453273942337478
0.8025611410426302	cosine	24.0	0.0	3.0	0.24125756564895978	0.04930266217726652
-1.8523393746826462	cosine	24.0	18.0	15.0	0.17647238503126134	0.1134981303078686
0.9009096800212452	cosine	24.0	21.0	18.0	0.3686816750751684	0.00580139155636977
-1.589998074561884	cosine	24.0	15.0	0.0	0.24034543548105186	0.04994280222373064
0.2964098517854098	cosine	24.0	15.0	9.0	0.3434366287231429	0.009357182198009475
0.07600534350113317	cosine	24.0	3.0	18.0	0.4178312955285979	0.0021150055896341437
-0.7540752987209571	cosine	24.0	9.0	12.0	0.18327011693631026	0.10479929422810885
-0.40799416019199725	cosine	24.0	3.0	15.0	0.2509652283107651	0.042888118888463896
0.4328525463504398	cosine	24.0	21.0	0.0	0.29211214466158614	0.02276070879876716
-0.5883034709946946	cosine	24.0	9.0	21.0	0.14475453938937588	0.160844803171809
0.5389026477593637	cosine	24.0	9.0	6.0	0.28689034348968306	0.024761821716796587
-0.5422909290776248	cosine	24.0	15.0	12.0	0.14643453225998282	0.15805277010113494
-1.5307281729368625	cosine	24.0	3.0	9.0	0.32724836504057303	0.012534194594043507
-0.1403640121978288	cosine	24.0	0.0	12.0	0.22882123757746228	0.05861420943696903
-1.7960170361888368	cosine	24.0	15.0	12.0	0.4543225231655877	0.0009344907811765314
0.28913216318841833	cosine	24.0	0.0	21.0	0.12941677295133563	0.18781168020979827
1.4908483331025537	cosine	24.0	18.0	21.0	0.21819935871795682	0.06761446149507122
0.15578055901712154	cosine	24.0	9.0	6.0	0.1825665822207074	0.1056765215839412
1.3056733003476897	cosine	24.0	3.0	18.0	0.33648360967347263	0.010623344634627566
0.03923856992371288	cosine	24.0	15.0	18.0	0.18398184822408098	0.10391722445107726
-0.26852904711037173	cosine	24.0	0.0	3.0	0.1818710879507543	0.10654892958100276
-0.4647309997851416	cosine	24.0	15.0	12.0	0.42428467039430917	0.0018382656628527076
1.6392248509971454	cosine	24.0	3.0	6.0	0.16702446852620292	0.12642548136726045
-1.022471880527556	cosine	24.0	9.0	12.0	0.2730350721704214	0.03079734328122759
0.7291032785104481	cosine	24.0	3.0	0.0	0.18929439766303	0.09750285144846599
-0.8771970399924897	cosine	24.0	21.0	0.0	0.16639299379457437	0.12732468937632635
-0.2723535465575449	cosine	24.0	0.0	21.0	0.22555494714375637	0.0612756889104502
0.38353419230305874	cosine	24.0	9.0	12.0	0.3927216791492363	0.0035878478178341827
0.7832452214238311	cosine	24.0	6.0	12.0	0.41063075173419256	0.002467975134408087
0.28727474305400436	cosine	24.0	21.0	15.0	0.2954763109789492	0.021545066942792488
-1.63945099791435	cosine	24.0	0.0	3.0	0.30806735305944094	0.01747083493063007
-0.7327264743592612	cosine	24.0	0.0	9.0	0.2699264121556429	0.03230693818080994
-0.44353224175434375	cosine	24.0	0.0	21.0	0.21815970297510862	0.06764995867882109
-0.34321295235130833	cosine	24.0	12.0	15.0	0.3116427225020147	0.016441424648025
0.28040621863393117	cosine	24.0	21.0	0.0	0.24034543548105186	0.04994280222373064
0.20641148885720784	cosine	24.0	12.0	9.0	0.24311342042571768	0.04802044059311893
-1.024941965358813	cosine	24.0	3.0	9.0	0.20081149672944254	0.08460315962917975
-0.25744385340941117	cosine	24.0	9.0	12.0	0.1907505298724862	0.09579651477177781
-1.046783676583748	cosine	24.0	18.0	21.0	0.18810289544651448	0.09891558665411498
1.460271236317027	cosine	24.0	18.0	3.0	0.1589977496259266	0.13818700065494172
0.481187483656668	cosine	24.0	9.0	21.0	0.2857974239226139	0.02519881865604328
0.46789391111527096	cosine	24.0	12.0	21.0	0.37631071029166224	0.0049942265676904355
-0.40009770292253505	cosine	24.0	6.0	9.0	0.25708355455569004	0.03920408275739036
0.38236571959028165	cosine	24.0	18.0	15.0	0.1914913114169006	0.09493692298572759
-0.21159138051713655	cosine	24.0	3.0	0.0	0.24125756564895978	0.04930266217726652
-1.4999081502960825	cosine	24.0	18.0	0.0	0.3912105029550162	0.003700585778126575
0.7238600703433258	cosine	24.0	15.0	18.0	0.4468130599727681	0.001110797488048831
-1.5484607825739007	cosine	24.0	15.0	18.0	0.27409540653791653	0.03029598352690821
-1.0987070439712974	cosine	24.0	6.0	18.0	0.2296863493117667	0.057924711811786225
-1.6504870618764913	cosine	24.0	12.0	9.0	0.17578970400013433	0.11439938205227845
-0.7570200946516966	cosine	24.0	18.0	21.0	0.33106109598586553	0.011711945696637922
1.166783239688868	cosine	24.0	9.0	15.0	0.30610656038367084	0.018058395440036235
0.02537733688899596	cosine	24.0	0.0	6.0	0.2974985136732482	0.020841095044795872
-0.19883670096609246	cosine	24.0	18.0	21.0	0.2257234745358174	0.061136095767155875
1.131134718463155	cosine	24.0	3.0	0.0	0.13733122967710018	0.17356475677209343
-0.1432954178666476	cosine	24.0	6.0	15.0	0.24868087536123548	0.04433336645633893
-0.21688208646624038	cosine	24.0	0.0	3.0	0.24125756564895978	0.04930266217726652
0.5723849492459907	cosine	24.0	0.0	21.0	0.28471690049293835	0.0256371939762934
0.42624760105711706	cosine	24.0	0.0	6.0	0.2974985136732482	0.020841095044795872
0.2231555494025176	cosine	24.0	15.0	18.0	0.39424681762303065	0.003477203539555004
0.7094344221923702	cosine	24.0	6.0	12.0	0.14932027335788822	0.15333157054038882
0.21093091506936315	cosine	24.0	6.0	3.0	0.24868087536123548	0.04433336645633893
0.07492159295043992	cosine	24.0	15.0	12.0	0.24405755376663804	0.047378451921575866
0.5455840715311998	cosine	24.0	6.0	9.0	0.2645352517891883	0.03506947273840929
0.024658928264102847	cosine	24.0	0.0	3.0	0.2783741142103382	0.0283411053804827
-0.8776973755385399	cosine	24.0	3.0	0.0	0.2709508044980625	0.03180287707901677
0.05176355823058984	cosine	24.0	9.0	12.0	0.08602474876602319	0.2779552147225487
0.25211043325614274	cosine	24.0	21.0	18.0	0.35363344343944725	0.0077393670907879575
0.824432755537371	cosine	24.0	0.0	15.0	0.18118348213186988	0.10741654185240362
-0.6269075173298744	cosine	24.0	6.0	12.0	0.3583686560589317	0.007075698844899728
-0.4699525932101408	cosine	24.0	0.0	18.0	0.5166931171103988	0.00020212863780047692
0.8425190090190294	cosine	24.0	15.0	12.0	0.2365480905738184	0.052679346147498834
0.4521402763267554	cosine	24.0	12.0	9.0	0.1907505298724862	0.09579651477177781
1.218354924645739	cosine	24.0	21.0	0.0	0.21815970297510862	0.06764995867882109
0.23719392945053894	cosine	24.0	18.0	21.0	0.2783922852608415	0.028333032653019858
-0.3199261454029335	cosine	24.0	0.0	3.0	0.2338342559366841	0.05470697449766232
1.2984189229854184	cosine	24.0	18.0	12.0	0.2473315627273083	0.04520531538629516
0.7889060374947428	cosine	24.0	9.0	6.0	0.16021149052021263	0.13636216882002333
-0.06619081154659938	cosine	24.0	0.0	3.0	0.36003052104537075	0.00685497779106477
0.909428290213016	cosine	24.0	3.0	15.0	0.10333862342207975	0.23964102331065734
-1.0530040008541663	cosine	24.0	21.0	9.0	0.5827298124136413	3.312352108828299e-05
0.9379912586415299	cosine	24.0	15.0	12.0	0.1914913114169006	0.09493692298572759
0.7193463082837103	cosine	24.0	9.0	6.0	0.3241488296571744	0.013239016787172118
2.119945337609547	cosine	24.0	15.0	18.0	0.34919003846611285	0.0084113441669734
-1.5643507689884535	cosine	24.0	12.0	18.0	0.2773111460881942	0.028816684834412243
0.14077836618502404	cosine	24.0	6.0	9.0	0.16021149052021263	0.13636216882002333
-1.8472719745811539	cosine	24.0	18.0	15.0	0.2816048697307362	0.026935575910470858
-0.5341688306613278	cosine	24.0	6.0	3.0	0.2338342559366841	0.05470697449766232
-0.9775403327865876	cosine	24.0	12.0	15.0	0.2365480905738184	0.052679346147498834
1.1144969497455666	cosine	24.0	3.0	0.0	0.2709508044980625	0.03180287707901677
-0.5329380345176875	cosine	24.0	21.0	0.0	0.2625311679869951	0.03614461188618968
-0.4307368596340784	cosine	24.0	9.0	6.0	0.4731827743271396	0.0005988728773829218
1.1940001702270204	cosine	24.0	12.0	9.0	0.14586805225543062	0.15899064436178167
-1.198715178016701	cosine	24.0	6.0	3.0	0.21156432679985704	0.0737564416596048
-0.37785433361088805	cosine	24.0	18.0	15.0	0.3041332593091951	0.01866662856252859
0.7322027567118242	cosine	24.0	18.0	21.0	0.2633440536251203	0.03570531001355481
0.025651102630885943	cosine	24.0	12.0	3.0	0.3142978771675294	0.015710968084713377
0.2697398922711267	cosine	24.0	0.0	21.0	0.23295019131240413	0.055380662873957556
0.74871716272279	cosine	24.0	9.0	21.0	0.21898763651213274	0.06691183000253088
-0.1706077529940186	cosine	24.0	12.0	9.0	0.2206721816171899	0.0654292553875976
0.6022534678673798	cosine	24.0	9.0	12.0	0.2730350721704214	0.03079734328122759
-0.10248796475524719	cosine	24.0	6.0	9.0	0.2049216739212022	0.08032379819344765
1.13957860946508	cosine	24.0	6.0	15.0	0.3451839016208194	0.009060553512911972
-1.5694850975652155	cosine	24.0	15.0	18.0	0.10137775310306503	0.24383056159149213
0.13924106493249147	cosine	24.0	0.0	21.0	0.3069026329988816	0.017817847893956983
-1.2254294526485827	cosine	24.0	6.0	0.0	0.34956075356606664	0.008353384938283085
0.2970041525403809	cosine	24.0	0.0	6.0	0.4090604563007163	0.0025516968004234775
-0.701002810412972	cosine	24.0	3.0	18.0	0.3586693421794159	0.0070353044355588755
-0.8230000300293859	cosine	24.0	0.0	12.0	0.42811715417718754	0.00168992695018417
0.8651656173472672	cosine	24.0	0.0	3.0	0.19671770737530567	0.08903321910476264
-0.433667202455738	cosine	24.0	6.0	12.0	0.23891243737262113	0.050961859814427864
1.8306365359937802	cosine	24.0	9.0	6.0	0.13785639881971784	0.1726443686722099
1.0262359656273234	cosine	24.0	3.0	6.0	0.12248461025254881	0.20086613625359467
0.3872013517250953	cosine	24.0	0.0	15.0	0.1589977496259266	0.13818700065494172
-0.5022005380279085	cosine	24.0	12.0	15.0	0.24405755376663804	0.047378451921575866
-0.1937599365366612	cosine	24.0	0.0	3.0	0.3451839016208194	0.009060553512911972
-1.6962334403004786	cosine	24.0	15.0	12.0	0.19900077460972024	0.08654178804169727
0.5752242490427444	cosine	24.0	15.0	21.0	0.2655546592342455	0.03453273942337478
0.5466073696188984	cosine	24.0	18.0	6.0	0.35564337957950976	0.007451248204126172
-0.1111678587172179	cosine	24.0	6.0	3.0	0.30064404334716527	0.019784814684414773
1.361919171585657	cosine	24.0	0.0	21.0	0.20336921463781313	0.08192052243423542
-0.5549289698249894	cosine	24.0	0.0	6.0	0.20081149672944254	0.08460315962917975
0.41181895031069404	cosine	24.0	15.0	18.0	0.3041332593091951	0.01866662856252859
-1.1947737156711753	cosine	24.0	15.0	12.0	0.2140197009953595	0.07143562183788349
0.4284553391926679	cosine	24.0	3.0	9.0	0.37931060493339147	0.0047052989719750865
-0.541669761718572	cosine	24.0	15.0	18.0	0.10137775310306503	0.24383056159149213
0.4875504907799665	cosine	24.0	12.0	18.0	0.2548264585675298	0.040531983826212474
-1.2956773333821463	cosine	24.0	21.0	18.0	0.36115755925730786	0.006708771770159142
0.5261845612616974	cosine	24.0	6.0	12.0	0.5674170387599752	5.1260728255995514e-05
-1.322932442369223	cosine	24.0	18.0	21.0	0.21067524290009623	0.0746108704887449
1.471036874624008	cosine	24.0	15.0	12.0	0.1914913114169006	0.09493692298572759
-1.9800158370143546	cosine	24.0	9.0	15.0	0.33597061505524844	0.010722413737643984
0.27894319736923345	cosine	24.0	0.0	3.0	0.21156432679985704	0.0737564416596048
1.0437873925493064	cosine	24.0	0.0	21.0	0.21076445880646086	0.0745247925817003
-1.929730098687755	cosine	24.0	15.0	18.0	0.20651023780253988	0.07871439991892487
0.8556987062197958	cosine	24.0	18.0	0.0	0.21405857708859377	0.07139933215686703
0.6588589363165639	cosine	24.0	6.0	3.0	0.32291397248399234	0.01352921307913464
0.008412019032588598	cosine	24.0	6.0	9.0	0.17511488498720915	0.11529525052334588
-1.1191475513790015	cosine	24.0	15.0	12.0	0.15394399545280243	0.1459636853800239
0.9402766870830414	cosine	24.0	18.0	15.0	0.25156701695945766	0.04251378781533029
-0.16070507261003614	cosine	24.0	21.0	6.0	0.21898763651213274	0.06691183000253088
1.891780910364886	cosine	24.0	21.0	18.0	0.2257234745358174	0.061136095767155875
0.6914042353855439	cosine	24.0	18.0	21.0	0.3009646327144232	0.019679757062280118
0.5283810328936475	cosine	24.0	18.0	0.0	0.1845332561108567	0.10323755908592297
0.9021825044657219	cosine	24.0	21.0	15.0	0.3702804403407085	0.005623241622001215
1.3081011106754088	cosine	24.0	9.0	12.0	0.24311342042571768	0.04802044059311893
0.1329850974919905	cosine	24.0	0.0	3.0	0.26352749478578685	0.03560678181850737
0.6879597816823094	cosine	24.0	0.0	3.0	0.17444777823847862	0.11618577088949705
0.33421711408277394	cosine	24.0	18.0	21.0	0.1128617372679087	0.2198638396532147
-1.5871671970860939	cosine	24.0	12.0	9.0	0.13090722638307875	0.18507488909218733
0.8314632264007333	cosine	24.0	6.0	3.0	0.2932207336348896	0.022353887279688553
0.5468162257934948	cosine	24.0	9.0	18.0	0.3377605919085437	0.010380190257282039
-0.3332287008432703	cosine	24.0	6.0	9.0	0.23472846285519525	0.05403216505640069
-0.8815077013013589	cosine	24.0	3.0	9.0	0.26774866230592337	0.033400440030095055
0.17667133456594247	cosine	24.0	0.0	3.0	0.24125756564895978	0.04930266217726652
-2.2272222020427583	cosine	24.0	12.0	9.0	0.23563300748954177	0.05335627493079011
0.15835823215105904	cosine	24.0	12.0	15.0	0.2365480905738184	0.052679346147498834
-0.8329599868817793	cosine	24.0	6.0	21.0	0.12248461025254881	0.20086613625359467
-1.0849198143085896	cosine	24.0	3.0	6.0	0.19671770737530567	0.08903321910476264
-1.1298895343157909	cosine	24.0	12.0	9.0	0.34035878859600477	0.009900396537324115
-0.7630169582986531	cosine	24.0	12.0	9.0	0.31043713685130103	0.016782574144907064
0.5660254667563265	cosine	24.0	12.0	3.0	0.19597397046916537	0.08985625322931617
0.042859651829001755	cosine	24.0	3.0	15.0	0.46502380539935884	0.0007273798775274108
1.5301541150431337	cosine	24.0	21.0	12.0	0.3390522241241709	0.010139196014009982
1.0935179647296578	cosine	24.0	18.0	21.0	0.36115755925730786	0.006708771770159142
-0.4494882515040826	cosine	24.0	12.0	6.0	0.2165143963689379	0.06913545510964812
-2.3877736064082766	cosine	24.0	15.0	6.0	0.2932207336348896	0.022353887279688553
1.7016523048004044	cosine	24.0	6.0	3.0	0.16702446852620292	0.12642548136726045
-0.24398248706483405	cosine	24.0	0.0	12.0	0.2583465585551994	0.03847661585264555
1.8384755582925256	cosine	24.0	6.0	3.0	0.2561041850735112	0.03977585423405737
1.4637916728425429	cosine	24.0	0.0	21.0	0.17378823796322213	0.11707097859576515
-0.6033806391938857	cosine	24.0	0.0	3.0	0.30064404334716527	0.019784814684414773
-1.7740597698321496	cosine	24.0	0.0	21.0	0.1589977496259266	0.13818700065494172
1.0618475868682673	cosine	24.0	21.0	0.0	0.3142978771675294	0.015710968084713377
0.20587413522649245	cosine	24.0	0.0	21.0	0.23295019131240413	0.055380662873957556
0.6544375381300579	cosine	24.0	3.0	6.0	0.1818710879507543	0.10654892958100276
-1.4825979674988248	cosine	24.0	9.0	12.0	0.42264333089394	0.0019053409706262982
1.6371373433995746	cosine	24.0	0.0	3.0	0.2783741142103382	0.0283411053804827
0.20772869191976398	cosine	24.0	12.0	18.0	0.17238260432509367	0.1189734811540229
0.4983874207324676	cosine	24.0	18.0	15.0	0.2365480905738184	0.052679346147498834
-1.0816737569684072	cosine	24.0	15.0	18.0	0.27409540653791653	0.03029598352690821
0.10947684124283938	cosine	24.0	0.0	3.0	0.2338342559366841	0.05470697449766232
0.2979228714417562	cosine	24.0	9.0	15.0	0.17918432802946585	0.10996794592401771
1.5891682013609685	cosine	24.0	0.0	3.0	0.45653354730495466	0.0008877098963792871
-2.2633719443145823	cosine	24.0	0.0	6.0	0.41649791914254747	0.0021766940531058277
-0.5371164609134985	cosine	24.0	15.0	9.0	0.2165143963689379	0.06913545510964812
-2.7188370663211163	cosine	24.0	15.0	12.0	0.1914913114169006	0.09493692298572759
0.631764427429292	cosine	24.0	18.0	15.0	0.10888721629588466	0.22800182111776734
0.8182139440734647	cosine	24.0	0.0	6.0	0.21568642241310496	0.06989245255810622
-0.5827836143386551	cosine	24.0	18.0	15.0	0.2365480905738184	0.052679346147498834
-0.3818321610646182	cosine	24.0	15.0	12.0	0.2891143329235558	0.023892184636934675
1.0063144279082505	cosine	24.0	18.0	21.0	0.18810289544651448	0.09891558665411498
0.33777681360135703	cosine	24.0	0.0	21.0	0.3290883655048249	0.012131343131205926
-2.0681318279587733	cosine	24.0	12.0	15.0	0.16145345864562208	0.13451203512311516
-1.1093176310898534	cosine	24.0	12.0	18.0	0.21735197936642245	0.06837611648478077
-0.5898157506550241	cosine	24.0	18.0	21.0	0.12790996890362985	0.19060375826163167
-0.9275258295324763	cosine	24.0	12.0	15.0	0.31915218569483433	0.014447331991700058
-0.48735489755067685	cosine	24.0	9.0	12.0	0.13838763931925468	0.17171651217030293
0.8151520942369371	cosine	24.0	12.0	15.0	0.11639667948870429	0.21276808318223123
0.8741550519135954	cosine	24.0	21.0	18.0	0.18810289544651448	0.09891558665411498
-1.4776794905761435	cosine	24.0	0.0	21.0	0.12202152878268788	0.2017571781780051
-0.9444244637491486	cosine	24.0	21.0	0.0	0.21076445880646086	0.0745247925817003
-0.6698651740283843	cosine	24.0	9.0	3.0	0.4016229934588851	0.0029841578270689
-0.3561022896016083	cosine	24.0	12.0	15.0	0.2816048697307362	0.026935575910470858
-1.4890284368811928	cosine	24.0	15.0	9.0	0.23144642370472673	0.05654161670725406
0.20444673490550927	cosine	24.0	12.0	15.0	0.24405755376663804	0.047378451921575866
-1.6397484002737637	cosine	24.0	15.0	18.0	0.16145345864562208	0.13451203512311516
0.528362863084876	cosine	24.0	15.0	21.0	0.317917549787477	0.014760129652761701
-2.3313192305607395	cosine	24.0	3.0	6.0	0.16702446852620292	0.12642548136726045
-0.661573136653974	cosine	24.0	0.0	21.0	0.38825031885400685	0.003930673389220724
-0.4483698575141725	cosine	24.0	0.0	21.0	0.2551359238183474	0.04034778682105685
0.8501744946572318	cosine	24.0	21.0	18.0	0.24829582198939915	0.044580801125198674
0.27144418510620744	cosine	24.0	18.0	15.0	0.20651023780253988	0.07871439991892487
-0.017821746387299484	cosine	24.0	0.0	3.0	0.2338342559366841	0.05470697449766232
-1.4517258832997286	cosine	24.0	0.0	21.0	0.17378823796322213	0.11707097859576515
0.5328472569804303	cosine	24.0	18.0	21.0	0.17305466381079335	0.11806115286078062
0.15667127047906607	cosine	24.0	0.0	21.0	0.3216931213361771	0.01382149916799702
-0.7926866088063721	cosine	24.0	9.0	0.0	0.4400170280345411	0.0012961112381875797
0.28870440045180945	cosine	24.0	6.0	3.0	0.16702446852620292	0.12642548136726045
0.8660278089399313	cosine	24.0	6.0	18.0	0.3778710908032291	0.004842027648163876
-1.5566921827373594	cosine	24.0	21.0	0.0	0.38825031885400685	0.003930673389220724
1.270258640176894	cosine	24.0	12.0	15.0	0.10137775310306503	0.24383056159149213
-0.4948501236688756	cosine	24.0	0.0	15.0	0.39564556302265463	0.003378433371147737
0.11540499964080973	cosine	24.0	9.0	18.0	0.21156432679985704	0.0737564416596048
-0.754646603527302	cosine	24.0	18.0	15.0	0.12390614268152392	0.1981456709240792
2.393766624757865	cosine	24.0	12.0	15.0	0.2140197009953595	0.07143562183788349
-1.3364395242411937	cosine	24.0	21.0	12.0	0.2421801600886935	0.04866185976418303
0.07785688226563464	cosine	24.0	15.0	18.0	0.3041332593091951	0.01866662856252859
1.1325911067405874	cosine	24.0	9.0	12.0	0.3478392015321807	0.008625537378454924
0.2939335531615831	cosine	24.0	9.0	3.0	0.33468582788240425	0.010974068511825539
