ID	Waveform	Period	Phase	Nadir	Tau	P
-0.6032868046681319	cosine	24.0	21.0	0.0	0.1885787263005176	0.09834961988888624
0.4446137327600135	cosine	24.0	3.0	6.0	0.21898763651213274	0.06691183000253088
-0.03582229796584748	cosine	24.0	12.0	9.0	0.46004539557481966	0.0008178129530211379
-0.03195922982757685	cosine	24.0	6.0	3.0	0.1818710879507543	0.10654892958100276
1.428013846927619	cosine	24.0	12.0	15.0	0.3341711120804736	0.011076319946854101
0.04181631265630244	cosine	24.0	18.0	12.0	0.1049285417631005	0.23627310386996653
-2.146657450398532	cosine	24.0	12.0	9.0	0.24311342042571768	0.04802044059311893
-0.26115579151793294	cosine	24.0	21.0	0.0	0.4104360513599501	0.0024782190637700975
-0.33505505312427525	cosine	24.0	3.0	0.0	0.19671770737530567	0.08903321910476264
-0.5799649224346198	cosine	24.0	15.0	18.0	0.13141560587434356	0.18414709071421098
1.3077919433913414	cosine	24.0	0.0	3.0	0.2264109462244084	0.060569228522496806
0.6187137797314288	cosine	24.0	18.0	21.0	0.20315112708223565	0.08214673110717585
-0.6257332614153425	cosine	24.0	15.0	6.0	0.24868087536123548	0.04433336645633893
1.6386442729625013	cosine	24.0	21.0	18.0	0.19562701126437507	0.09024213396007019
-1.9872721178428825	cosine	24.0	6.0	3.0	0.21898763651213274	0.06691183000253088
-1.7651505573612554	cosine	24.0	6.0	21.0	0.21156432679985704	0.0737564416596048
1.652730628786268	cosine	24.0	21.0	15.0	0.46752580851099557	0.0006854977761750349
-0.13872971044769217	cosine	24.0	6.0	3.0	0.30806735305944094	0.01747083493063007
0.9670463813613025	cosine	24.0	9.0	6.0	0.31669713242367614	0.015075032280515356
-0.26225000998220477	cosine	24.0	18.0	21.0	0.17305466381079335	0.11806115286078062
-0.6691487495400296	cosine	24.0	6.0	9.0	0.21237337115470045	0.07298545049751572
-1.3646569014987349	cosine	24.0	12.0	15.0	0.16896292183844172	0.12369283503412826
-0.438213709135363	cosine	24.0	0.0	21.0	0.28471690049293835	0.0256371939762934
0.7336461084690499	cosine	24.0	15.0	9.0	0.2837085193799876	0.026052042441162368
0.8097955372651292	cosine	24.0	21.0	6.0	0.21156432679985704	0.0737564416596048
-0.8843027240358019	cosine	24.0	15.0	18.0	0.16896292183844172	0.12369283503412826
-0.9643186229836205	cosine	24.0	12.0	18.0	0.23983666688708685	0.050302729438385485
0.6787898685894179	cosine	24.0	6.0	0.0	0.18593657104578012	0.10152240598303947
-1.6462479092760847	cosine	24.0	3.0	9.0	0.20824895957127373	0.07698101426976775
0.21220403248720915	cosine	24.0	0.0	3.0	0.2709508044980625	0.03180287707901677
0.31953481419169916	cosine	24.0	6.0	0.0	0.3421232907242354	0.009585702427533002
-0.03927728354241007	cosine	24.0	21.0	18.0	0.23324759035367798	0.05515330692798147
0.41101744069478074	cosine	24.0	0.0	3.0	0.39714706960674917	0.0032752197042900965
-0.012646491018937202	cosine	24.0	15.0	12.0	0.26658594334509694	0.03399663812377356
-0.3947980488678263	cosine	24.0	6.0	3.0	0.2783741142103382	0.0283411053804827
0.8079826977461441	cosine	24.0	12.0	6.0	0.33597061505524844	0.010722413737643984
-1.3031075960867007	cosine	24.0	21.0	0.0	0.24774067964969962	0.04493949144849353
-0.7080440964163851	cosine	24.0	21.0	6.0	0.30806735305944094	0.01747083493063007
-1.8674862700233317	cosine	24.0	6.0	15.0	0.16702446852620292	0.12642548136726045
1.5790904032397188	cosine	24.0	12.0	9.0	0.1608288781277825	0.13544029453589856
-0.48138513922538223	cosine	24.0	18.0	15.0	0.10888721629588466	0.22800182111776734
-0.23133411111083121	cosine	24.0	18.0	15.0	0.2891143329235558	0.023892184636934675
0.7977750322817131	cosine	24.0	0.0	3.0	0.26352749478578685	0.03560678181850737
-1.014975820533085	cosine	24.0	15.0	18.0	0.3717184280445718	0.005467174495423315
0.20506709422624556	cosine	24.0	18.0	21.0	0.31601286435014436	0.015254106285572607
-1.5222645447511374	cosine	24.0	21.0	15.0	0.2730350721704214	0.03079734328122759
0.7733365553579021	cosine	24.0	6.0	9.0	0.3241488296571744	0.013239016787172118
-0.6319731977758848	cosine	24.0	0.0	3.0	0.2561041850735112	0.03977585423405737
-0.8713789716274339	cosine	24.0	9.0	15.0	0.38076669706261496	0.004570509887354047
0.5952199800841798	cosine	24.0	18.0	21.0	0.21067524290009623	0.0746108704887449
2.0171916706282147	cosine	24.0	12.0	6.0	0.40316473806629816	0.002889432401796725
0.6863239523136769	cosine	24.0	18.0	3.0	0.4252265396972456	0.0018007516288111659
0.5685218317228518	cosine	24.0	21.0	18.0	0.2633440536251203	0.03570531001355481
0.7519858791742746	cosine	24.0	15.0	6.0	0.15960115881392725	0.1372777177333498
-1.3147476106750313	cosine	24.0	18.0	21.0	0.2783922852608415	0.028333032653019858
0.45274421154808253	cosine	24.0	18.0	12.0	0.2548264585675298	0.040531983826212474
0.9743427635409186	cosine	24.0	9.0	21.0	0.5233433347154358	0.00016995479743994133
-0.8403636259249525	cosine	24.0	12.0	15.0	0.31915218569483433	0.014447331991700058
-0.8920177235157126	cosine	24.0	0.0	21.0	0.14420726128863112	0.16176125330350544
-0.19355056594602066	cosine	24.0	3.0	6.0	0.26352749478578685	0.03560678181850737
-0.9866521809955615	cosine	24.0	12.0	3.0	0.22555494714375637	0.0612756889104502
0.6822459085394175	cosine	24.0	15.0	18.0	0.2891143329235558	0.023892184636934675
-0.5402753273731178	cosine	24.0	18.0	3.0	0.3660645863480636	0.006103836469221554
0.8565841814763783	cosine	24.0	15.0	18.0	0.22903862738099875	0.05844034568396187
-1.725395245041703	cosine	24.0	3.0	6.0	0.21898763651213274	0.06691183000253088
1.263171470806929	cosine	24.0	3.0	0.0	0.2264109462244084	0.060569228522496806
-0.13946659034623268	cosine	24.0	12.0	9.0	0.3253979627236529	0.012950952528887621
0.4292584989912173	cosine	24.0	18.0	21.0	0.2783922852608415	0.028333032653019858
0.8484831854649175	cosine	24.0	6.0	3.0	0.2783741142103382	0.0283411053804827
0.29850149847770624	cosine	24.0	15.0	18.0	0.27409540653791653	0.03029598352690821
1.8746608405356608	cosine	24.0	3.0	18.0	0.16639299379457437	0.12732468937632635
0.24366191552824712	cosine	24.0	15.0	9.0	0.2613104783763044	0.03681260452934408
0.6239217732262671	cosine	24.0	3.0	6.0	0.2561041850735112	0.03977585423405737
-2.097007298291354	cosine	24.0	18.0	15.0	0.2365480905738184	0.052679346147498834
-1.2323782461075061	cosine	24.0	9.0	6.0	0.27198694902268655	0.031299660183120276
-1.2457788487863166	cosine	24.0	15.0	9.0	0.2837085193799876	0.026052042441162368
-1.9573811827107166	cosine	24.0	9.0	12.0	0.24311342042571768	0.04802044059311893
-0.9646787399797848	cosine	24.0	9.0	12.0	0.1608288781277825	0.13544029453589856
-0.8345224271699226	cosine	24.0	9.0	12.0	0.2505938333618936	0.043120464095440875
-0.5257259783500626	cosine	24.0	21.0	0.0	0.1885787263005176	0.09834961988888624
-0.27650553661574373	cosine	24.0	18.0	21.0	0.16553054799293276	0.12855996833004363
0.575458314135708	cosine	24.0	9.0	6.0	0.17511488498720915	0.11529525052334588
0.7147844610033458	cosine	24.0	9.0	15.0	0.2613104783763044	0.03681260452934408
0.6052481079572172	cosine	24.0	18.0	21.0	0.20315112708223565	0.08214673110717585
-1.9942548252582903	cosine	24.0	21.0	0.0	0.23295019131240413	0.055380662873957556
0.6666587762058379	cosine	24.0	12.0	15.0	0.20651023780253988	0.07871439991892487
0.7492371278141757	cosine	24.0	9.0	6.0	0.3614073158246657	0.006676747380572879
-1.8780068786270778	cosine	24.0	0.0	21.0	0.16639299379457437	0.12732468937632635
-1.8733715610861534	cosine	24.0	18.0	15.0	0.36420896485175214	0.006326666384439039
-0.7009406337053421	cosine	24.0	12.0	9.0	0.28051548510659735	0.027402861731981906
1.3809239762696608	cosine	24.0	9.0	6.0	0.3017937379566796	0.019410252116110444
1.6901861406184033	cosine	24.0	12.0	9.0	0.18327011693631026	0.10479929422810885
0.7937013622249487	cosine	24.0	12.0	15.0	0.36420896485175214	0.006326666384439039
-0.13533859606777984	cosine	24.0	15.0	12.0	0.13892506906716318	0.17078109313035117
0.006098249869074802	cosine	24.0	12.0	15.0	0.2140197009953595	0.07143562183788349
-0.7143382795855725	cosine	24.0	18.0	12.0	0.28480604192841563	0.025600788696373288
-0.4681498182978519	cosine	24.0	15.0	21.0	0.36280002740453254	0.006500636034123981
-0.7066605665116422	cosine	24.0	0.0	3.0	0.21898763651213274	0.06691183000253088
-0.26936965042319483	cosine	24.0	15.0	18.0	0.2590764801522773	0.03806123580744964
-0.06186024858215825	cosine	24.0	9.0	6.0	0.28689034348968306	0.024761821716796587
-0.66261734246051	cosine	24.0	0.0	6.0	0.2751861251477546	0.029787333680552044
0.7050217610614781	cosine	24.0	6.0	21.0	0.37487714046992215	0.0051377970621272195
0.9105084182053382	cosine	24.0	18.0	15.0	0.5369266182866037	0.00011854903346856053
-1.9591276313790575	cosine	24.0	9.0	6.0	0.3614073158246657	0.006676747380572879
0.9683076396420315	cosine	24.0	0.0	3.0	0.17444777823847862	0.11618577088949705
-0.42952915775817585	cosine	24.0	21.0	0.0	0.28471690049293835	0.0256371939762934
0.10108316305839667	cosine	24.0	9.0	21.0	0.5307666444277115	0.00013972728358702655
0.6849325077577174	cosine	24.0	18.0	0.0	0.2731092190440679	0.030762062328506853
-0.9426590254934409	cosine	24.0	12.0	9.0	0.2730350721704214	0.03079734328122759
1.4818415300934848	cosine	24.0	3.0	0.0	0.2561041850735112	0.03977585423405737
-1.4604400696595117	cosine	24.0	0.0	3.0	0.21156432679985704	0.0737564416596048
-0.19304720268905515	cosine	24.0	15.0	18.0	0.18398184822408098	0.10391722445107726
-0.7091844237288393	cosine	24.0	9.0	0.0	0.2551359238183474	0.04034778682105685
-0.08742997965109202	cosine	24.0	9.0	18.0	0.32291397248399234	0.01352921307913464
-1.6746932226760785	cosine	24.0	18.0	15.0	0.36420896485175214	0.006326666384439039
-0.25743608003374563	cosine	24.0	6.0	3.0	0.36003052104537075	0.00685497779106477
2.318980497651101	cosine	24.0	18.0	12.0	0.26232135440775123	0.03625871568011357
-0.26037922993027324	cosine	24.0	12.0	15.0	0.24405755376663804	0.047378451921575866
-0.2966065337841495	cosine	24.0	9.0	18.0	0.20414101708758137	0.08112374916958642
-0.8819997111904421	cosine	24.0	3.0	12.0	0.40304080719130236	0.0028969453261565256
-1.163858844238856	cosine	24.0	6.0	12.0	0.32103858771945964	0.013980433055581136
0.1629880482992857	cosine	24.0	18.0	3.0	0.2699264121556429	0.03230693818080994
0.17122447466720223	cosine	24.0	3.0	12.0	0.24034543548105186	0.04994280222373064
-0.2910567151659626	cosine	24.0	9.0	6.0	0.23472846285519525	0.05403216505640069
0.456332946463415	cosine	24.0	6.0	9.0	0.36885901305816393	0.005781386903632934
0.07846491831828227	cosine	24.0	18.0	21.0	0.12790996890362985	0.19060375826163167
-0.6194522159371857	cosine	24.0	18.0	21.0	0.21819935871795682	0.06761446149507122
0.515440741237684	cosine	24.0	0.0	3.0	0.21898763651213274	0.06691183000253088
1.0771610989186955	cosine	24.0	21.0	0.0	0.18118348213186988	0.10741654185240362
-0.9154054364671008	cosine	24.0	12.0	15.0	0.11639667948870429	0.21276808318223123
-0.0602042535786232	cosine	24.0	12.0	9.0	0.34035878859600477	0.009900396537324115
0.9424222830835162	cosine	24.0	9.0	12.0	0.14586805225543062	0.15899064436178167
-0.8939724809364227	cosine	24.0	21.0	18.0	0.27086816944298087	0.031843296004397496
0.3802094678854036	cosine	24.0	6.0	12.0	0.30610656038367084	0.018058395440036235
0.8268628957381018	cosine	24.0	0.0	3.0	0.30806735305944094	0.01747083493063007
0.9035512161003236	cosine	24.0	9.0	12.0	0.15334846519160655	0.14689908245619482
1.1573371595711939	cosine	24.0	21.0	0.0	0.38825031885400685	0.003930673389220724
-0.7945377530988862	cosine	24.0	0.0	21.0	0.2699264121556429	0.03230693818080994
0.6148116997603899	cosine	24.0	21.0	12.0	0.24963185732219176	0.04372700742698232
-0.021148421400546694	cosine	24.0	12.0	15.0	0.20651023780253988	0.07871439991892487
-0.7005866799628917	cosine	24.0	21.0	0.0	0.19597397046916537	0.08985625322931617
-0.9813919215117426	cosine	24.0	15.0	12.0	0.15394399545280243	0.1459636853800239
0.4983103709575008	cosine	24.0	15.0	12.0	0.2590764801522773	0.03806123580744964
-1.6023665559194842	cosine	24.0	15.0	12.0	0.34919003846611285	0.0084113441669734
0.5448175555058984	cosine	24.0	21.0	0.0	0.21076445880646086	0.0745247925817003
-0.019157875815809994	cosine	24.0	9.0	6.0	0.2421801600886935	0.04866185976418303
0.07416683265735707	cosine	24.0	21.0	18.0	0.3837299067108896	0.004306804500442138
0.4977804822064378	cosine	24.0	0.0	12.0	0.28049054928850214	0.02741363646522646
-0.8662195950090266	cosine	24.0	3.0	15.0	0.2952532097773707	0.02162395005989455
0.012580814093096368	cosine	24.0	0.0	6.0	0.364435679249729	0.006299060954990374
-0.8285336088655085	cosine	24.0	12.0	9.0	0.36280002740453254	0.006500636034123981
-0.2199274607438482	cosine	24.0	21.0	0.0	0.28471690049293835	0.0256371939762934
0.3690456974261875	cosine	24.0	18.0	15.0	0.18398184822408098	0.10391722445107726
0.14339424459154448	cosine	24.0	0.0	12.0	0.3395411912439763	0.010049245916082774
-1.7625488757121779	cosine	24.0	0.0	3.0	0.2709508044980625	0.03180287707901677
-1.5159578182533455	cosine	24.0	12.0	6.0	0.40316473806629816	0.002889432401796725
1.1648830233326095	cosine	24.0	3.0	18.0	0.35127409801076814	0.008090044838256295
-0.9653052967423634	cosine	24.0	12.0	15.0	0.3041332593091951	0.01866662856252859
-0.17233418074260598	cosine	24.0	21.0	0.0	0.3216931213361771	0.01382149916799702
-0.9826195307787517	cosine	24.0	12.0	6.0	0.39569872439840376	0.0033747297067160454
-0.4495747890688165	cosine	24.0	12.0	9.0	0.2730350721704214	0.03079734328122759
-0.4755493184381146	cosine	24.0	12.0	9.0	0.41516291795776405	0.002240087373258416
-0.02874521213131265	cosine	24.0	18.0	9.0	0.20414101708758137	0.08112374916958642
2.2254778353997793	cosine	24.0	15.0	12.0	0.20651023780253988	0.07871439991892487
1.8614001711687236	cosine	24.0	15.0	18.0	0.16145345864562208	0.13451203512311516
-0.2708583539995182	cosine	24.0	15.0	21.0	0.28051548510659735	0.027402861731981906
1.5205411292401216	cosine	24.0	0.0	3.0	0.2338342559366841	0.05470697449766232
-0.45337785350673554	cosine	24.0	18.0	3.0	0.1885787263005176	0.09834961988888624
-0.6569579421092776	cosine	24.0	3.0	6.0	0.16702446852620292	0.12642548136726045
-0.4432902048187388	cosine	24.0	15.0	18.0	0.27409540653791653	0.03029598352690821
-2.7481224967555766	cosine	24.0	6.0	9.0	0.21982506838819874	0.06617158668631351
-0.9067115128127097	cosine	24.0	6.0	9.0	0.2645352517891883	0.03506947273840929
-0.10314729398654619	cosine	24.0	6.0	12.0	0.291174533047882	0.023109639719022
-1.6629367320679675	cosine	24.0	21.0	18.0	0.31601286435014436	0.015254106285572607
1.9359463290993617	cosine	24.0	21.0	18.0	0.4514469490716348	0.0009987202463069857
-0.12007026487524952	cosine	24.0	18.0	15.0	0.1914913114169006	0.09493692298572759
-0.8904098378353736	cosine	24.0	0.0	21.0	0.29950738883023387	0.02016114215609676
-0.37570889981106326	cosine	24.0	3.0	6.0	0.21156432679985704	0.0737564416596048
1.3343388592106855	cosine	24.0	21.0	3.0	0.4502611449104903	0.0010263673653035312
1.4081908368847016	cosine	24.0	3.0	6.0	0.2932207336348896	0.022353887279688553
0.2270588067855902	cosine	24.0	6.0	9.0	0.23472846285519525	0.05403216505640069
1.3303838894191529	cosine	24.0	9.0	18.0	0.41199368903130057	0.0023973316316347427
-0.3796120677319106	cosine	24.0	12.0	9.0	0.21319176868101397	0.07221183733783956
1.1832661966380404	cosine	24.0	9.0	18.0	0.3377605919085437	0.010380190257282039
-0.20423750554988113	cosine	24.0	15.0	21.0	0.21319176868101397	0.07221183733783956
0.631760209229515	cosine	24.0	18.0	12.0	0.42720906289262345	0.001724054801173308
-1.263432316887002	cosine	24.0	6.0	21.0	0.2932207336348896	0.022353887279688553
-2.331314230860264	cosine	24.0	0.0	21.0	0.29211214466158614	0.02276070879876716
0.24689079598999675	cosine	24.0	18.0	21.0	0.16553054799293276	0.12855996833004363
-0.2783384335241442	cosine	24.0	3.0	0.0	0.2338342559366841	0.05470697449766232
1.075422817576332	cosine	24.0	15.0	9.0	0.23144642370472673	0.05654161670725406
-1.3198762736015452	cosine	24.0	15.0	12.0	0.3717184280445718	0.005467174495423315
0.12883426575985046	cosine	24.0	18.0	9.0	0.16702446852620292	0.12642548136726045
-0.5140277812815721	cosine	24.0	18.0	21.0	0.3837299067108896	0.004306804500442138
-0.15584777163429925	cosine	24.0	9.0	6.0	0.24963185732219176	0.04372700742698232
0.6882395736422153	cosine	24.0	0.0	3.0	0.330337282196268	0.011864341762666228
0.6397381114605655	cosine	24.0	0.0	3.0	0.21156432679985704	0.0737564416596048
-3.4297507745641584	cosine	24.0	15.0	12.0	0.08635882671742576	0.27718857961309573
0.6899206848703163	cosine	24.0	18.0	0.0	0.10333862342207975	0.23964102331065734
0.6242876578854691	cosine	24.0	18.0	21.0	0.2257234745358174	0.061136095767155875
0.4385637035961811	cosine	24.0	0.0	6.0	0.20824895957127373	0.07698101426976775
-0.43923630626035826	cosine	24.0	15.0	18.0	0.31915218569483433	0.014447331991700058
1.2120116732548476	cosine	24.0	3.0	0.0	0.2709508044980625	0.03180287707901677
0.6879337342873072	cosine	24.0	18.0	0.0	0.19191458635529096	0.09444831922890234
0.9840086015749071	cosine	24.0	6.0	18.0	0.3185971942066441	0.01458722712104854
0.478478193525032	cosine	24.0	9.0	15.0	0.25384446470840993	0.04112100111304758
0.049434475216509094	cosine	24.0	6.0	3.0	0.21156432679985704	0.0737564416596048
-0.742901092834124	cosine	24.0	15.0	18.0	0.10888721629588466	0.22800182111776734
0.2443795779788911	cosine	24.0	15.0	18.0	0.19900077460972024	0.08654178804169727
0.5084575794897525	cosine	24.0	18.0	0.0	0.21405857708859377	0.07139933215686703
0.17762344227903787	cosine	24.0	15.0	12.0	0.27409540653791653	0.03029598352690821
-0.48348954582169423	cosine	24.0	9.0	15.0	0.15678628702578262	0.1415545250123827
-0.1933577023351073	cosine	24.0	18.0	0.0	0.33215986099954203	0.011483852877009561
-0.4307276079409191	cosine	24.0	15.0	18.0	0.29662379611637546	0.021143176383724687
1.3316179169170586	cosine	24.0	9.0	12.0	0.317917549787477	0.014760129652761701
-1.234220244530303	cosine	24.0	3.0	18.0	0.28471690049293835	0.0256371939762934
-1.0221859860605904	cosine	24.0	6.0	9.0	0.21237337115470045	0.07298545049751572
-2.2492963365133387	cosine	24.0	12.0	9.0	0.33287837565982886	0.011336791543103485
-0.3336645304090662	cosine	24.0	18.0	15.0	0.25156701695945766	0.04251378781533029
1.4282511984694541	cosine	24.0	3.0	18.0	0.20336921463781313	0.08192052243423542
-0.16125152115170663	cosine	24.0	3.0	0.0	0.2561041850735112	0.03977585423405737
0.3150019658945282	cosine	24.0	15.0	12.0	0.18398184822408098	0.10391722445107726
-0.3011832686371302	cosine	24.0	18.0	15.0	0.2891143329235558	0.023892184636934675
-1.378270782053206	cosine	24.0	9.0	12.0	0.13090722638307875	0.18507488909218733
0.920840043748779	cosine	24.0	6.0	12.0	0.41063075173419256	0.002467975134408087
-0.35465040332693987	cosine	24.0	18.0	21.0	0.21067524290009623	0.0746108704887449
-0.12893521184138207	cosine	24.0	6.0	0.0	0.26774866230592337	0.033400440030095055
1.0798863782983839	cosine	24.0	18.0	21.0	0.10533762145004812	0.2354107865955294
0.4690020009095658	cosine	24.0	3.0	6.0	0.19671770737530567	0.08903321910476264
-0.2562088086741483	cosine	24.0	3.0	0.0	0.41941699874357624	0.0020437099756060832
0.7635507338685656	cosine	24.0	15.0	12.0	0.3116427225020147	0.016441424648025
0.017883879869595155	cosine	24.0	9.0	12.0	0.2580742462980696	0.03863252516949062
0.7369779055710397	cosine	24.0	3.0	21.0	0.23620256782189655	0.052934139906380795
-0.5561160000813017	cosine	24.0	9.0	18.0	0.3451839016208194	0.009060553512911972
-0.92774808212995	cosine	24.0	0.0	3.0	0.36003052104537075	0.00685497779106477
-0.34004896191630624	cosine	24.0	3.0	21.0	0.11810128391094828	0.20939473758024713
1.4728788168858773	cosine	24.0	15.0	18.0	0.22903862738099875	0.05844034568396187
-0.6018629854902238	cosine	24.0	21.0	18.0	0.18810289544651448	0.09891558665411498
-0.7793034618490564	cosine	24.0	21.0	3.0	0.5757437590658728	4.04783031536081e-05
0.4114564359134053	cosine	24.0	15.0	18.0	0.26658594334509694	0.03399663812377356
-0.061173308865350065	cosine	24.0	6.0	3.0	0.32291397248399234	0.01352921307913464
0.10958833152960455	cosine	24.0	15.0	18.0	0.3041332593091951	0.01866662856252859
1.7083700891885802	cosine	24.0	3.0	6.0	0.20414101708758137	0.08112374916958642
2.0122982499883433	cosine	24.0	0.0	9.0	0.23295019131240413	0.055380662873957556
0.424622044213486	cosine	24.0	6.0	12.0	0.2613104783763044	0.03681260452934408
-0.4625801450282891	cosine	24.0	21.0	18.0	0.17305466381079335	0.11806115286078062
-2.4659707610933275	cosine	24.0	9.0	12.0	0.28799589804277326	0.02432625829671131
0.27430661663102135	cosine	24.0	15.0	12.0	0.2891143329235558	0.023892184636934675
-0.564835828650073	cosine	24.0	9.0	6.0	0.19001827945420569	0.09665182047357779
0.0563263359995996	cosine	24.0	9.0	15.0	0.17171831436157145	0.11988014354567555
-1.8341962905870024	cosine	24.0	9.0	18.0	0.2338342559366841	0.05470697449766232
0.5367158959900551	cosine	24.0	15.0	12.0	0.3566995016589325	0.007303677061155208
0.049316147713114385	cosine	24.0	6.0	9.0	0.3092454351901779	0.01712572740233685
1.6541352987369542	cosine	24.0	21.0	18.0	0.21819935871795682	0.06761446149507122
0.2393111460976802	cosine	24.0	6.0	9.0	0.23472846285519525	0.05403216505640069
-0.10990817445502535	cosine	24.0	0.0	6.0	0.23056134809676734	0.057233835382467506
-0.5254153427965568	cosine	24.0	18.0	6.0	0.25191406053548604	0.04229912003936556
-0.4884085078204949	cosine	24.0	3.0	0.0	0.30806735305944094	0.01747083493063007
-0.4008596619517958	cosine	24.0	6.0	0.0	0.11156194262746807	0.22250670710945153
-1.7199605292346867	cosine	24.0	18.0	12.0	0.15739281264465074	0.14062544723114628
0.43046001087063795	cosine	24.0	6.0	21.0	0.4416869278804033	0.0012481261625825624
-0.809491666837477	cosine	24.0	6.0	9.0	0.2645352517891883	0.03506947273840929
0.07422072549379745	cosine	24.0	9.0	6.0	0.1676631877537109	0.12552046793508637
1.1303685251119453	cosine	24.0	6.0	3.0	0.15217784910165155	0.14874946071331063
-0.7621237566268223	cosine	24.0	0.0	3.0	0.2264109462244084	0.060569228522496806
-0.2863594163444054	cosine	24.0	0.0	9.0	0.16639299379457437	0.12732468937632635
-1.4200634115456223	cosine	24.0	12.0	6.0	0.32850460138735404	0.012257919988595213
-0.7723468243426302	cosine	24.0	21.0	18.0	0.15800643217507218	0.13968972354679038
-0.4651134280658409	cosine	24.0	12.0	15.0	0.27409540653791653	0.03029598352690821
-1.1075926322371121	cosine	24.0	0.0	18.0	0.2878718795329364	0.024374796195956446
-0.8898185662221793	cosine	24.0	18.0	15.0	0.15394399545280243	0.1459636853800239
1.1553939033576057	cosine	24.0	9.0	18.0	0.24125756564895978	0.04930266217726652
0.14726543734620248	cosine	24.0	3.0	9.0	0.19337403388761132	0.0927778374767943
-0.7655212680784078	cosine	24.0	0.0	21.0	0.3069026329988816	0.017817847893956983
-0.617190276829754	cosine	24.0	6.0	21.0	0.20414101708758137	0.08112374916958642
0.9221254813517686	cosine	24.0	0.0	3.0	0.1818710879507543	0.10654892958100276
-2.7122418786890474	cosine	24.0	3.0	0.0	0.24125756564895978	0.04930266217726652
0.3318626797793749	cosine	24.0	21.0	18.0	0.14295820053935102	0.16386560074610457
-2.0789001801774196	cosine	24.0	3.0	6.0	0.21156432679985704	0.0737564416596048
0.2523959037363323	cosine	24.0	21.0	12.0	0.3837624075251605	0.00430398916286051
-1.0730680419865577	cosine	24.0	12.0	9.0	0.1907505298724862	0.09579651477177781
-0.22095253813961724	cosine	24.0	9.0	0.0	0.20336921463781313	0.08192052243423542
-1.3566364659503498	cosine	24.0	9.0	18.0	0.2264109462244084	0.060569228522496806
0.21791734820553565	cosine	24.0	15.0	12.0	0.26658594334509694	0.03399663812377356
0.5073703864801193	cosine	24.0	6.0	21.0	0.2561041850735112	0.03977585423405737
-0.01618339641365665	cosine	24.0	0.0	18.0	0.2583465585551994	0.03847661585264555
-1.2716203177603256	cosine	24.0	9.0	12.0	0.33287837565982886	0.011336791543103485
-1.6435438241980787	cosine	24.0	6.0	0.0	0.22312388525493615	0.06331718635548518
0.7982852790613101	cosine	24.0	18.0	21.0	0.18810289544651448	0.09891558665411498
0.01451830880219711	cosine	24.0	15.0	18.0	0.31915218569483433	0.014447331991700058
0.3535979790276025	cosine	24.0	3.0	12.0	0.29950738883023387	0.02016114215609676
0.09923739533263243	cosine	24.0	0.0	6.0	0.2826235879895858	0.026504638918733395
0.7369315909524216	cosine	24.0	15.0	12.0	0.14643453225998282	0.15805277010113494
1.4855487321660505	cosine	24.0	3.0	0.0	0.3451839016208194	0.009060553512911972
0.23207254815542067	cosine	24.0	0.0	3.0	0.16702446852620292	0.12642548136726045
-0.25918448502690367	cosine	24.0	3.0	18.0	0.45480751637183664	0.0009240395187704023
-0.5029807404138572	cosine	24.0	6.0	0.0	0.290061050831417	0.023529860808762543
-0.12908123914617825	cosine	24.0	12.0	9.0	0.19823094280866213	0.08737598727842949
-0.49463030342349057	cosine	24.0	3.0	0.0	0.20414101708758137	0.08112374916958642
0.2795694121470535	cosine	24.0	15.0	12.0	0.16145345864562208	0.13451203512311516
0.6291458892077677	cosine	24.0	15.0	9.0	0.23144642370472673	0.05654161670725406
1.3875671512730292	cosine	24.0	0.0	3.0	0.2561041850735112	0.03977585423405737
0.619541775638462	cosine	24.0	6.0	9.0	0.21237337115470045	0.07298545049751572
-1.142089190868831	cosine	24.0	12.0	9.0	0.18327011693631026	0.10479929422810885
0.49542398272411664	cosine	24.0	6.0	15.0	0.47138016672950606	0.0006253118123086274
0.4733776138127961	cosine	24.0	9.0	6.0	0.19746997668770394	0.08820646422125328
1.644916914175992	cosine	24.0	6.0	3.0	0.2264109462244084	0.060569228522496806
1.856388580999103	cosine	24.0	15.0	18.0	0.14643453225998282	0.15805277010113494
-1.304076127926306	cosine	24.0	18.0	21.0	0.13543408472149043	0.17691556091276012
2.216700662841071	cosine	24.0	3.0	9.0	0.20081149672944254	0.08460315962917975
0.20537547488435995	cosine	24.0	12.0	21.0	0.27198694902268655	0.031299660183120276
0.6983717692366275	cosine	24.0	18.0	0.0	0.3395411912439763	0.010049245916082774
-0.27168009844639135	cosine	24.0	9.0	15.0	0.1343882460220994	0.17878012069770977
-1.9420973935652666	cosine	24.0	6.0	9.0	0.16021149052021263	0.13636216882002333
-2.6557609545243595	cosine	24.0	12.0	9.0	0.2730350721704214	0.03079734328122759
-0.6970587039063244	cosine	24.0	18.0	21.0	0.15800643217507218	0.13968972354679038
0.3697167576488216	cosine	24.0	9.0	21.0	0.20414101708758137	0.08112374916958642
-0.38166318857346265	cosine	24.0	21.0	18.0	0.35363344343944725	0.0077393670907879575
1.5551703983752296	cosine	24.0	3.0	6.0	0.37487714046992215	0.0051377970621272195
0.9815839552716163	cosine	24.0	9.0	21.0	0.19671770737530567	0.08903321910476264
1.3719178792718887	cosine	24.0	0.0	21.0	0.21815970297510862	0.06764995867882109
-1.6571409204098266	cosine	24.0	9.0	12.0	0.13838763931925468	0.17171651217030293
0.739504456755665	cosine	24.0	3.0	6.0	0.2783741142103382	0.0283411053804827
1.0216369385321105	cosine	24.0	15.0	21.0	0.20571135574483804	0.0795206783939611
-0.9215612687694161	cosine	24.0	15.0	9.0	0.3658346697268261	0.006131062942941702
0.24555487375909088	cosine	24.0	18.0	21.0	0.2257234745358174	0.061136095767155875
0.7312362131941323	cosine	24.0	18.0	3.0	0.35127409801076814	0.008090044838256295
-0.3650821828370118	cosine	24.0	21.0	3.0	0.21405857708859377	0.07139933215686703
0.16833178010858516	cosine	24.0	18.0	12.0	0.2548264585675298	0.040531983826212474
0.65851945416602	cosine	24.0	9.0	3.0	0.1487492568366241	0.154258285657701
1.7283029593466273	cosine	24.0	3.0	6.0	0.15960115881392725	0.1372777177333498
0.418180005394476	cosine	24.0	15.0	12.0	0.24405755376663804	0.047378451921575866
-0.7448226894523264	cosine	24.0	21.0	18.0	0.24829582198939915	0.044580801125198674
1.3938745741986247	cosine	24.0	15.0	6.0	0.2932207336348896	0.022353887279688553
1.1946924453748728	cosine	24.0	21.0	0.0	0.3142978771675294	0.015710968084713377
2.7139379816943325	cosine	24.0	15.0	21.0	0.2730350721704214	0.03079734328122759
0.9071150709377371	cosine	24.0	6.0	3.0	0.26352749478578685	0.03560678181850737
0.19300684595618076	cosine	24.0	21.0	0.0	0.23295019131240413	0.055380662873957556
-1.0941657919259844	cosine	24.0	15.0	18.0	0.15394399545280243	0.1459636853800239
0.07262198272101904	cosine	24.0	3.0	0.0	0.19671770737530567	0.08903321910476264
-0.9670269170029175	cosine	24.0	6.0	9.0	0.3539556185911674	0.0076925343627084405
0.16469951030362742	cosine	24.0	0.0	21.0	0.2625311679869951	0.03614461188618968
-1.9990849492881206	cosine	24.0	21.0	15.0	0.3852412662130603	0.004177612898480811
0.5540691460509668	cosine	24.0	3.0	6.0	0.3451839016208194	0.009060553512911972
0.30210143009463736	cosine	24.0	21.0	12.0	0.3539556185911674	0.0076925343627084405
-0.026918583939892507	cosine	24.0	3.0	6.0	0.14475453938937588	0.160844803171809
-1.4905470603271946	cosine	24.0	21.0	18.0	0.21819935871795682	0.06761446149507122
0.39836220541176987	cosine	24.0	9.0	3.0	0.1710616453621177	0.12078118127288895
-0.4207761150937976	cosine	24.0	18.0	12.0	0.32228052112952293	0.013680195882558224
-1.6459118953668601	cosine	24.0	12.0	15.0	0.2365480905738184	0.052679346147498834
-0.0458571836362438	cosine	24.0	18.0	15.0	0.20651023780253988	0.07871439991892487
-1.2605249286379197	cosine	24.0	21.0	15.0	0.12342681344690283	0.19906049418466365
-0.20102452818277913	cosine	24.0	9.0	18.0	0.20414101708758137	0.08112374916958642
-0.06475140086599329	cosine	24.0	12.0	15.0	0.14643453225998282	0.15805277010113494
2.0821498475276052	cosine	24.0	6.0	3.0	0.21156432679985704	0.0737564416596048
1.1077611401210623	cosine	24.0	6.0	21.0	0.4045703793190249	0.002805441148677372
-0.5054248716361974	cosine	24.0	3.0	0.0	0.26352749478578685	0.03560678181850737
-0.24784834867883446	cosine	24.0	15.0	21.0	0.41516291795776405	0.002240087373258416
0.2266220184133343	cosine	24.0	0.0	3.0	0.1818710879507543	0.10654892958100276
1.4345048133578489	cosine	24.0	6.0	9.0	0.25708355455569004	0.03920408275739036
-1.597725307595809	cosine	24.0	15.0	6.0	0.2783741142103382	0.0283411053804827
0.9124367646504444	cosine	24.0	15.0	18.0	0.40926574400866994	0.002540607755278459
2.5604899480340713	cosine	24.0	0.0	3.0	0.21156432679985704	0.0737564416596048
-0.6571755065409443	cosine	24.0	15.0	12.0	0.16145345864562208	0.13451203512311516
-1.8680656586200102	cosine	24.0	3.0	9.0	0.37187314209156025	0.005450614642997061
-0.7643768839623437	cosine	24.0	15.0	18.0	0.22152916418817914	0.06468486429452701
0.7413184800650857	cosine	24.0	15.0	6.0	0.2857974239226139	0.02519881865604328
0.5362729824634056	cosine	24.0	12.0	9.0	0.317917549787477	0.014760129652761701
-1.6692151756093727	cosine	24.0	15.0	12.0	0.25156701695945766	0.04251378781533029
-1.3511897980895415	cosine	24.0	12.0	9.0	0.2206721816171899	0.0654292553875976
1.2764467620689757	cosine	24.0	9.0	6.0	0.19746997668770394	0.08820646422125328
0.32364455612552884	cosine	24.0	15.0	18.0	0.25156701695945766	0.04251378781533029
0.5122191576039905	cosine	24.0	15.0	18.0	0.20651023780253988	0.07871439991892487
1.3558727268597484	cosine	24.0	3.0	18.0	0.17378823796322213	0.11707097859576515
-0.07087789480490175	cosine	24.0	15.0	18.0	0.36420896485175214	0.006326666384439039
-1.4514329199835994	cosine	24.0	9.0	21.0	0.14475453938937588	0.160844803171809
1.1736571882051974	cosine	24.0	21.0	18.0	0.3009646327144232	0.019679757062280118
0.5853835961082874	cosine	24.0	3.0	18.0	0.09244055210809687	0.2634159933036787
0.059601540884873246	cosine	24.0	18.0	0.0	0.3395411912439763	0.010049245916082774
-1.6940620728373954	cosine	24.0	6.0	18.0	0.23709558638633982	0.052277608187366195
-1.4950381450521741	cosine	24.0	15.0	18.0	0.20651023780253988	0.07871439991892487
-0.13105308895247766	cosine	24.0	21.0	0.0	0.21076445880646086	0.0745247925817003
1.7502530339113778	cosine	24.0	6.0	3.0	0.24868087536123548	0.04433336645633893
-1.3100492984072514	cosine	24.0	3.0	6.0	0.2857974239226139	0.02519881865604328
-2.042539786141713	cosine	24.0	15.0	3.0	0.3838291727105819	0.00429821088254844
0.5379248007950317	cosine	24.0	12.0	15.0	0.34168057527329326	0.009663826561076
0.28292436604015875	cosine	24.0	18.0	9.0	0.26352749478578685	0.03560678181850737
-2.794647930730076	cosine	24.0	9.0	12.0	0.2580742462980696	0.03863252516949062
1.6205437211606728	cosine	24.0	9.0	0.0	0.12941677295133563	0.18781168020979827
-0.26406316491799325	cosine	24.0	0.0	3.0	0.24868087536123548	0.04433336645633893
1.0469252404417029	cosine	24.0	6.0	3.0	0.26352749478578685	0.03560678181850737
-0.6344438884352933	cosine	24.0	15.0	12.0	0.26658594334509694	0.03399663812377356
1.219059543607339	cosine	24.0	9.0	12.0	0.3702804403407085	0.005623241622001215
0.3304022113599968	cosine	24.0	0.0	6.0	0.24543627378042976	0.04645332880937976
0.9913445006927044	cosine	24.0	6.0	9.0	0.06333942648473523	0.33228123599887194
0.19264409359382692	cosine	24.0	18.0	9.0	0.24125756564895978	0.04930266217726652
1.7273958885356717	cosine	24.0	9.0	6.0	0.3390522241241709	0.010139196014009982
0.46388237562095597	cosine	24.0	12.0	9.0	0.18327011693631026	0.10479929422810885
2.3547660437158466	cosine	24.0	6.0	9.0	0.31669713242367614	0.015075032280515356
-0.19276486759095152	cosine	24.0	12.0	15.0	0.2590764801522773	0.03806123580744964
-0.009175287421014519	cosine	24.0	0.0	6.0	0.3049359765150794	0.018417133755406018
-1.345490067035981	cosine	24.0	3.0	0.0	0.24125756564895978	0.04930266217726652
-0.3914715825814538	cosine	24.0	12.0	15.0	0.20651023780253988	0.07871439991892487
-1.0380495552782865	cosine	24.0	3.0	0.0	0.2264109462244084	0.060569228522496806
-0.9917775642219495	cosine	24.0	6.0	9.0	0.19746997668770394	0.08820646422125328
-0.009746061728959412	cosine	24.0	6.0	3.0	0.2338342559366841	0.05470697449766232
-0.25529436269769445	cosine	24.0	0.0	21.0	0.24034543548105186	0.04994280222373064
-0.4788447392013653	cosine	24.0	9.0	6.0	0.27198694902268655	0.031299660183120276
0.44639235273811656	cosine	24.0	0.0	9.0	0.3216931213361771	0.01382149916799702
0.14608854344525082	cosine	24.0	15.0	18.0	0.326661648887654	0.01266506290239042
0.08015362284464966	cosine	24.0	21.0	15.0	0.4301237438301159	0.0016166864665646073
0.485921605822287	cosine	24.0	3.0	6.0	0.24868087536123548	0.04433336645633893
-0.02397834397523364	cosine	24.0	3.0	0.0	0.10021468111572175	0.2463341008151944
1.2465284539121533	cosine	24.0	21.0	6.0	0.30806735305944094	0.01747083493063007
-0.6809167391109239	cosine	24.0	9.0	12.0	0.3478392015321807	0.008625537378454924
1.3379875041351386	cosine	24.0	18.0	9.0	0.2338342559366841	0.05470697449766232
0.5310158846646573	cosine	24.0	18.0	6.0	0.185230926864328	0.10238224328321399
-0.2856650603169699	cosine	24.0	3.0	0.0	0.21898763651213274	0.06691183000253088
-0.2320634472274069	cosine	24.0	15.0	0.0	0.3142978771675294	0.015710968084713377
0.15404161625774512	cosine	24.0	12.0	9.0	0.3478392015321807	0.008625537378454924
0.7027885473641833	cosine	24.0	21.0	18.0	0.39125402252875013	0.0036972951644364377
1.3566956435681763	cosine	24.0	0.0	3.0	0.4268403084558519	0.0017380915166549582
2.3977417293701326	cosine	24.0	21.0	3.0	0.26572788879963366	0.03444220575113408
0.9929943835850255	cosine	24.0	9.0	6.0	0.2645352517891883	0.03506947273840929
-0.035724628306245065	cosine	24.0	18.0	6.0	0.3778710908032291	0.004842027648163876
0.8345910993794003	cosine	24.0	15.0	12.0	0.22152916418817914	0.06468486429452701
-0.16737179069224478	cosine	24.0	21.0	18.0	0.12790996890362985	0.19060375826163167
-2.2571860758388334	cosine	24.0	12.0	15.0	0.22903862738099875	0.05844034568396187
0.8012148649462905	cosine	24.0	6.0	12.0	0.32103858771945964	0.013980433055581136
0.7290786957395724	cosine	24.0	0.0	3.0	0.1818710879507543	0.10654892958100276
0.1488829951754476	cosine	24.0	3.0	9.0	0.20824895957127373	0.07698101426976775
-1.1281525191438606	cosine	24.0	18.0	12.0	0.28480604192841563	0.025600788696373288
0.04334642236423532	cosine	24.0	21.0	15.0	0.31043713685130103	0.016782574144907064
-1.0534963729234494	cosine	24.0	9.0	6.0	0.40611749922565527	0.002715547870623878
0.1526325057035391	cosine	24.0	3.0	6.0	0.15960115881392725	0.1372777177333498
-0.08881356819046482	cosine	24.0	12.0	9.0	0.13090722638307875	0.18507488909218733
0.5349222451720862	cosine	24.0	0.0	21.0	0.29211214466158614	0.02276070879876716
1.222722101126953	cosine	24.0	18.0	15.0	0.1914913114169006	0.09493692298572759
0.3170249060321766	cosine	24.0	18.0	12.0	0.19486729184575807	0.09109137384214772
0.15423364416243782	cosine	24.0	9.0	15.0	0.39569872439840376	0.0033747297067160454
1.721371510722719	cosine	24.0	0.0	3.0	0.16702446852620292	0.12642548136726045
0.9109799841630357	cosine	24.0	15.0	18.0	0.326661648887654	0.01266506290239042
-0.3133070636745262	cosine	24.0	3.0	6.0	0.24868087536123548	0.04433336645633893
-0.2037348626392993	cosine	24.0	12.0	6.0	0.20158236903314908	0.08378779091821886
-0.5271892302372903	cosine	24.0	3.0	0.0	0.30806735305944094	0.01747083493063007
-1.4633523801956059	cosine	24.0	3.0	6.0	0.3377605919085437	0.010380190257282039
-0.9609607296610573	cosine	24.0	9.0	12.0	0.2580742462980696	0.03863252516949062
0.22888710638684776	cosine	24.0	15.0	18.0	0.2365480905738184	0.052679346147498834
-1.1430706395260701	cosine	24.0	9.0	12.0	0.18327011693631026	0.10479929422810885
-0.5647094921019207	cosine	24.0	15.0	18.0	0.22152916418817914	0.06468486429452701
0.29335556009901415	cosine	24.0	12.0	0.0	0.3395411912439763	0.010049245916082774
0.03433127856049607	cosine	24.0	0.0	21.0	0.35127409801076814	0.008090044838256295
-0.2509802898594381	cosine	24.0	12.0	15.0	0.4017562808158503	0.002975859456052734
0.9592712166454214	cosine	24.0	6.0	15.0	0.2932207336348896	0.022353887279688553
-0.5215369260322591	cosine	24.0	3.0	0.0	0.2338342559366841	0.05470697449766232
-0.07306987220044772	cosine	24.0	0.0	3.0	0.30064404334716527	0.019784814684414773
0.626417486702611	cosine	24.0	12.0	15.0	0.26658594334509694	0.03399663812377356
-1.6884834916384202	cosine	24.0	12.0	18.0	0.2773111460881942	0.028816684834412243
0.4818763488733128	cosine	24.0	0.0	21.0	0.20336921463781313	0.08192052243423542
-0.33925609431631115	cosine	24.0	15.0	0.0	0.33648360967347263	0.010623344634627566
2.2465488235332014	cosine	24.0	3.0	12.0	0.39564556302265463	0.003378433371147737
0.5326614801721851	cosine	24.0	18.0	15.0	0.20651023780253988	0.07871439991892487
-0.24131652806114756	cosine	24.0	21.0	12.0	0.27198694902268655	0.031299660183120276
0.08644520088732792	cosine	24.0	18.0	21.0	0.23324759035367798	0.05515330692798147
0.6065595683536821	cosine	24.0	21.0	6.0	0.30806735305944094	0.01747083493063007
-0.9438355041961883	cosine	24.0	3.0	15.0	0.2952532097773707	0.02162395005989455
0.2807307726896264	cosine	24.0	18.0	3.0	0.2699264121556429	0.03230693818080994
0.13893457408996607	cosine	24.0	0.0	21.0	0.3216931213361771	0.01382149916799702
0.9535858595280726	cosine	24.0	6.0	3.0	0.2264109462244084	0.060569228522496806
-0.549571830945016	cosine	24.0	15.0	18.0	0.16145345864562208	0.13451203512311516
-0.6913813331125421	cosine	24.0	15.0	18.0	0.19900077460972024	0.08654178804169727
0.7258722547690061	cosine	24.0	0.0	21.0	0.2625311679869951	0.03614461188618968
-1.1313801782175545	cosine	24.0	12.0	15.0	0.25156701695945766	0.04251378781533029
1.3688776338415736	cosine	24.0	6.0	9.0	0.33160052689067265	0.011599478395197028
0.4432459391481617	cosine	24.0	0.0	3.0	0.2857974239226139	0.02519881865604328
0.042145940585793795	cosine	24.0	18.0	21.0	0.1504823163572116	0.15145707876053838
0.7304118652048491	cosine	24.0	9.0	12.0	0.15334846519160655	0.14689908245619482
0.15670805849476538	cosine	24.0	21.0	18.0	0.21067524290009623	0.0746108704887449
0.23980049235774706	cosine	24.0	3.0	18.0	0.3734598305167114	0.005283338852544909
-1.1556484207365996	cosine	24.0	15.0	18.0	0.3717184280445718	0.005467174495423315
0.7654154981346643	cosine	24.0	0.0	3.0	0.21898763651213274	0.06691183000253088
-1.491458750820227	cosine	24.0	6.0	3.0	0.2561041850735112	0.03977585423405737
-0.8661687265504487	cosine	24.0	15.0	6.0	0.3377605919085437	0.010380190257282039
0.4923575074303962	cosine	24.0	21.0	0.0	0.19597397046916537	0.08985625322931617
0.4531636531783066	cosine	24.0	3.0	0.0	0.2338342559366841	0.05470697449766232
0.4900869689551521	cosine	24.0	0.0	18.0	0.5609810985770043	6.13957271428162e-05
-0.8200251663313077	cosine	24.0	6.0	12.0	0.31357257405156524	0.01590768779332286
0.7906457817412331	cosine	24.0	18.0	21.0	0.46649518070735596	0.0007024729501357146
0.6596346839115226	cosine	24.0	21.0	0.0	0.22555494714375637	0.0612756889104502
-0.16817856725863292	cosine	24.0	18.0	12.0	0.22484687520664393	0.06186491582312426
0.5958338714785031	cosine	24.0	12.0	15.0	0.22903862738099875	0.05844034568396187
-0.4005950043733165	cosine	24.0	15.0	18.0	0.2891143329235558	0.023892184636934675
-2.5061836646662807	cosine	24.0	12.0	15.0	0.3041332593091951	0.01866662856252859
0.03057207980545057	cosine	24.0	0.0	21.0	0.35127409801076814	0.008090044838256295
1.5281463542159106	cosine	24.0	21.0	3.0	0.19929591659972523	0.08622355226943118
-0.9849054730949311	cosine	24.0	3.0	0.0	0.2338342559366841	0.05470697449766232
-0.9892688115331933	cosine	24.0	21.0	6.0	0.2709508044980625	0.03180287707901677
0.042822856678966195	cosine	24.0	12.0	9.0	0.2730350721704214	0.03079734328122759
-0.9080792528236571	cosine	24.0	6.0	9.0	0.2049216739212022	0.08032379819344765
-1.6280105389887327	cosine	24.0	6.0	0.0	0.2974985136732482	0.020841095044795872
-0.33819690822512327	cosine	24.0	18.0	15.0	0.27409540653791653	0.03029598352690821
-2.109127166922441	cosine	24.0	18.0	12.0	0.2773111460881942	0.028816684834412243
1.2545614235334936	cosine	24.0	15.0	12.0	0.24405755376663804	0.047378451921575866
-0.7808607075478851	cosine	24.0	12.0	9.0	0.21319176868101397	0.07221183733783956
0.4239325661004711	cosine	24.0	15.0	12.0	0.24405755376663804	0.047378451921575866
1.030127248099921	cosine	24.0	3.0	0.0	0.31549066277171667	0.015391993660926931
0.018253791142903045	cosine	24.0	21.0	6.0	0.2783741142103382	0.0283411053804827
0.2721374830349413	cosine	24.0	12.0	18.0	0.4347039587328449	0.0014602226725413093
0.1914602473885261	cosine	24.0	0.0	3.0	0.32291397248399234	0.01352921307913464
-0.5006471183659024	cosine	24.0	6.0	3.0	0.37487714046992215	0.0051377970621272195
-0.31588651525812844	cosine	24.0	12.0	15.0	0.2365480905738184	0.052679346147498834
-0.6385584598614833	cosine	24.0	15.0	9.0	0.2762425057120932	0.02930147114696944
0.09249372900607898	cosine	24.0	3.0	0.0	0.30806735305944094	0.01747083493063007
-1.9692873925430492	cosine	24.0	12.0	6.0	0.455426833741559	0.0009108497988284421
-0.1745121861255124	cosine	24.0	3.0	6.0	0.2932207336348896	0.022353887279688553
0.4357176018596142	cosine	24.0	18.0	15.0	0.36420896485175214	0.006326666384439039
0.40866102089747264	cosine	24.0	18.0	21.0	0.1504823163572116	0.15145707876053838
-0.5690587606194919	cosine	24.0	3.0	6.0	0.2857974239226139	0.02519881865604328
-0.33050650672864784	cosine	24.0	15.0	12.0	0.19900077460972024	0.08654178804169727
-0.4546971440344141	cosine	24.0	18.0	21.0	0.43639871743591363	0.0014059223976720723
1.6095042554955834	cosine	24.0	0.0	9.0	0.3734598305167114	0.005283338852544909
0.42845241440380966	cosine	24.0	3.0	6.0	0.20414101708758137	0.08112374916958642
0.6920986493957678	cosine	24.0	3.0	18.0	0.21815970297510862	0.06764995867882109
-0.26923780284619686	cosine	24.0	3.0	6.0	0.24868087536123548	0.04433336645633893
-1.0488982734990209	cosine	24.0	15.0	12.0	0.16896292183844172	0.12369283503412826
-0.2898169406036273	cosine	24.0	18.0	15.0	0.36420896485175214	0.006326666384439039
0.08582574482349005	cosine	24.0	6.0	12.0	0.3434366287231429	0.009357182198009475
-0.15801660800856235	cosine	24.0	21.0	18.0	0.2257234745358174	0.061136095767155875
-1.3381552984299596	cosine	24.0	21.0	15.0	0.18327011693631026	0.10479929422810885
-0.726734096998568	cosine	24.0	18.0	15.0	0.34168057527329326	0.009663826561076
-1.1664574941866142	cosine	24.0	12.0	9.0	0.24311342042571768	0.04802044059311893
0.3391385592920606	cosine	24.0	3.0	0.0	0.1818710879507543	0.10654892958100276
-0.4129680408348127	cosine	24.0	6.0	9.0	0.23472846285519525	0.05403216505640069
0.12026525081831803	cosine	24.0	3.0	6.0	0.18929439766303	0.09750285144846599
-0.49413244319584265	cosine	24.0	15.0	12.0	0.2891143329235558	0.023892184636934675
-0.6513969073349603	cosine	24.0	3.0	6.0	0.26352749478578685	0.03560678181850737
-0.37941891798263044	cosine	24.0	18.0	21.0	0.14295820053935102	0.16386560074610457
1.7069339819832872	cosine	24.0	0.0	18.0	0.3173972005106735	0.014893695995628085
0.8705954106564018	cosine	24.0	9.0	12.0	0.28051548510659735	0.027402861731981906
-1.1755234180461749	cosine	24.0	12.0	9.0	0.24311342042571768	0.04802044059311893
-0.44505616537637377	cosine	24.0	6.0	0.0	0.34956075356606664	0.008353384938283085
0.4540951523519131	cosine	24.0	21.0	0.0	0.1589977496259266	0.13818700065494172
0.7317666284033704	cosine	24.0	21.0	15.0	0.3478392015321807	0.008625537378454924
-0.9386252883695566	cosine	24.0	18.0	21.0	0.16553054799293276	0.12855996833004363
0.2258864499219283	cosine	24.0	18.0	15.0	0.34168057527329326	0.009663826561076
0.3671888333625432	cosine	24.0	9.0	6.0	0.2421801600886935	0.04866185976418303
0.9426498169974589	cosine	24.0	0.0	3.0	0.2264109462244084	0.060569228522496806
0.6103177986529468	cosine	24.0	21.0	18.0	0.24829582198939915	0.044580801125198674
0.8715640035262744	cosine	24.0	9.0	12.0	0.18327011693631026	0.10479929422810885
-0.22702958926157704	cosine	24.0	15.0	0.0	0.2551359238183474	0.04034778682105685
0.3382458225493534	cosine	24.0	15.0	6.0	0.16702446852620292	0.12642548136726045
0.24273296055489463	cosine	24.0	3.0	9.0	0.3049359765150794	0.018417133755406018
-1.851965721884136	cosine	24.0	3.0	9.0	0.1561867196784553	0.14247702298256743
0.6071023554510168	cosine	24.0	15.0	12.0	0.11639667948870429	0.21276808318223123
0.18207599194749913	cosine	24.0	0.0	3.0	0.26352749478578685	0.03560678181850737
-1.6120422348566859	cosine	24.0	6.0	0.0	0.3421232907242354	0.009585702427533002
0.9538935284954344	cosine	24.0	12.0	0.0	0.42811715417718754	0.00168992695018417
0.024686410188827907	cosine	24.0	3.0	6.0	0.37487714046992215	0.0051377970621272195
0.4724066345553894	cosine	24.0	6.0	18.0	0.4519634615489603	0.0009868927960479642
1.2414577687580273	cosine	24.0	18.0	15.0	0.24405755376663804	0.047378451921575866
2.028543156454505	cosine	24.0	21.0	15.0	0.13838763931925468	0.17171651217030293
1.0013900953877184	cosine	24.0	18.0	15.0	0.3566995016589325	0.007303677061155208
-0.11322691531642563	cosine	24.0	12.0	18.0	0.48716822961439515	0.0004262500846115336
-0.09218227249859949	cosine	24.0	21.0	3.0	0.28049054928850214	0.02741363646522646
-0.009697116761787356	cosine	24.0	12.0	15.0	0.27409540653791653	0.03029598352690821
-1.1333015434331626	cosine	24.0	15.0	12.0	0.41677520720148953	0.002163732623355074
0.878987096708327	cosine	24.0	18.0	15.0	0.2891143329235558	0.023892184636934675
1.600355346167384	cosine	24.0	3.0	6.0	0.10763799082799744	0.23059422607029073
0.16806480790260175	cosine	24.0	12.0	15.0	0.16145345864562208	0.13451203512311516
0.5575230258471382	cosine	24.0	21.0	15.0	0.2206721816171899	0.0654292553875976
-0.4013496746632368	cosine	24.0	21.0	0.0	0.24034543548105186	0.04994280222373064
-0.615652205999298	cosine	24.0	15.0	18.0	0.20651023780253988	0.07871439991892487
-2.142538017767944	cosine	24.0	6.0	0.0	0.26774866230592337	0.033400440030095055
0.8919182220964696	cosine	24.0	9.0	12.0	0.3478392015321807	0.008625537378454924
1.7667240791938739	cosine	24.0	18.0	21.0	0.15800643217507218	0.13968972354679038
1.7923631259720583	cosine	24.0	21.0	18.0	0.16553054799293276	0.12855996833004363
0.30117140758160127	cosine	24.0	15.0	18.0	0.2891143329235558	0.023892184636934675
-0.9082912220247709	cosine	24.0	21.0	12.0	0.3614073158246657	0.006676747380572879
-1.2256348613017702	cosine	24.0	15.0	12.0	0.20651023780253988	0.07871439991892487
-0.45676372551714595	cosine	24.0	3.0	6.0	0.20414101708758137	0.08112374916958642
0.012355979911233252	cosine	24.0	15.0	21.0	0.3702804403407085	0.005623241622001215
0.26279069726470267	cosine	24.0	18.0	15.0	0.24405755376663804	0.047378451921575866
1.2689182091722142	cosine	24.0	18.0	21.0	0.19562701126437507	0.09024213396007019
0.08368627321896575	cosine	24.0	15.0	12.0	0.2891143329235558	0.023892184636934675
-0.9831411081341948	cosine	24.0	9.0	12.0	0.3029567239151251	0.019037505968002938
0.2844929030124646	cosine	24.0	18.0	15.0	0.22903862738099875	0.05844034568396187
-0.83725072425561	cosine	24.0	18.0	3.0	0.3142978771675294	0.015710968084713377
0.4000278123943157	cosine	24.0	12.0	21.0	0.2645352517891883	0.03506947273840929
0.92300496144192	cosine	24.0	3.0	21.0	0.2509652283107651	0.042888118888463896
1.1753483455963132	cosine	24.0	6.0	3.0	0.24125756564895978	0.04930266217726652
0.26503898277828497	cosine	24.0	9.0	6.0	0.227276765621697	0.05986116155126607
0.9488558639440338	cosine	24.0	9.0	3.0	0.24543627378042976	0.04645332880937976
-0.28815461365798645	cosine	24.0	21.0	15.0	0.34035878859600477	0.009900396537324115
1.982491229178585	cosine	24.0	6.0	0.0	0.22312388525493615	0.06331718635548518
-0.7417201240452633	cosine	24.0	0.0	15.0	0.1885787263005176	0.09834961988888624
0.00925390141847843	cosine	24.0	12.0	6.0	0.2165143963689379	0.06913545510964812
0.1820860067466658	cosine	24.0	18.0	15.0	0.31915218569483433	0.014447331991700058
-0.1933730588106819	cosine	24.0	12.0	6.0	0.2762425057120932	0.02930147114696944
-0.3636468117442509	cosine	24.0	12.0	9.0	0.24311342042571768	0.04802044059311893
1.1620234480640645	cosine	24.0	12.0	15.0	0.34168057527329326	0.009663826561076
-2.154534588478623	cosine	24.0	6.0	12.0	0.17918432802946585	0.10996794592401771
0.4991285682356389	cosine	24.0	6.0	3.0	0.15960115881392725	0.1372777177333498
0.16035141086841714	cosine	24.0	21.0	15.0	0.36280002740453254	0.006500636034123981
1.0246023793909238	cosine	24.0	6.0	3.0	0.24125756564895978	0.04930266217726652
-1.8393047710187584	cosine	24.0	3.0	6.0	0.2932207336348896	0.022353887279688553
-0.9169955907336094	cosine	24.0	6.0	12.0	0.32103858771945964	0.013980433055581136
0.7486542917438422	cosine	24.0	3.0	21.0	0.3100158702662392	0.016903200710028324
0.14237753917141555	cosine	24.0	6.0	9.0	0.28689034348968306	0.024761821716796587
0.886345366475253	cosine	24.0	3.0	0.0	0.2783741142103382	0.0283411053804827
-0.8879448034731242	cosine	24.0	18.0	15.0	0.42428467039430917	0.0018382656628527076
-0.0074992984001784595	cosine	24.0	21.0	9.0	0.20414101708758137	0.08112374916958642
0.4731004799207876	cosine	24.0	15.0	12.0	0.16145345864562208	0.13451203512311516
-0.10611273762391375	cosine	24.0	21.0	6.0	0.3526072113330951	0.00789022129915346
-0.2205650140617833	cosine	24.0	18.0	21.0	0.43639871743591363	0.0014059223976720723
-0.8787045788402924	cosine	24.0	18.0	9.0	0.21156432679985704	0.0737564416596048
0.9392701448917233	cosine	24.0	6.0	12.0	0.2165143963689379	0.06913545510964812
-0.14319386531188985	cosine	24.0	12.0	0.0	0.3100158702662392	0.016903200710028324
-2.149851972786303	cosine	24.0	18.0	0.0	0.39859183319945046	0.003178592823322213
0.33019233811087895	cosine	24.0	9.0	0.0	0.4400170280345411	0.0012961112381875797
0.7328821601406534	cosine	24.0	18.0	3.0	0.15160250545727888	0.14966458474778954
-2.4589467360638477	cosine	24.0	9.0	15.0	0.48529088841313667	0.0004463792834649967
0.7748491779263872	cosine	24.0	0.0	3.0	0.21898763651213274	0.06691183000253088
0.016628901570925843	cosine	24.0	15.0	0.0	0.34387885384212036	0.009281315096840078
0.6313940950204109	cosine	24.0	18.0	15.0	0.19900077460972024	0.08654178804169727
0.5029184433592174	cosine	24.0	12.0	18.0	0.13490812512398634	0.17785171987249232
-0.610310982007926	cosine	24.0	0.0	21.0	0.24034543548105186	0.04994280222373064
-0.6401640672650816	cosine	24.0	21.0	6.0	0.24125756564895978	0.04930266217726652
-1.3799833837570694	cosine	24.0	15.0	18.0	0.2140197009953595	0.07143562183788349
0.6064579558307492	cosine	24.0	21.0	18.0	0.35363344343944725	0.0077393670907879575
-1.0173993411637123	cosine	24.0	12.0	3.0	0.3216931213361771	0.01382149916799702
-0.8859741397688704	cosine	24.0	9.0	12.0	0.19823094280866213	0.08737598727842949
0.2216270057875628	cosine	24.0	0.0	3.0	0.30806735305944094	0.01747083493063007
0.16038738551801743	cosine	24.0	21.0	0.0	0.29950738883023387	0.02016114215609676
-0.8185851332187102	cosine	24.0	9.0	12.0	0.19823094280866213	0.08737598727842949
-1.156033639238357	cosine	24.0	15.0	18.0	0.2140197009953595	0.07143562183788349
0.9744306976888529	cosine	24.0	9.0	18.0	0.21898763651213274	0.06691183000253088
0.31186425129354206	cosine	24.0	0.0	6.0	0.2751861251477546	0.029787333680552044
1.0307721869723239	cosine	24.0	18.0	15.0	0.13892506906716318	0.17078109313035117
1.5819047452215234	cosine	24.0	21.0	18.0	0.2558199378072597	0.039943065844359166
-1.3229681889896987	cosine	24.0	3.0	18.0	0.3142978771675294	0.015710968084713377
0.19959310226491633	cosine	24.0	3.0	6.0	0.18929439766303	0.09750285144846599
0.896990818388105	cosine	24.0	21.0	0.0	0.19597397046916537	0.08985625322931617
-0.32687094388654026	cosine	24.0	9.0	18.0	0.3897237598944735	0.0038145915220834077
1.019421273359023	cosine	24.0	9.0	12.0	0.43760415676629183	0.0013684291595957054
1.863788299286102	cosine	24.0	9.0	12.0	0.1907505298724862	0.09579651477177781
-0.18749603823691974	cosine	24.0	18.0	15.0	0.2365480905738184	0.052679346147498834
-0.11093031408874127	cosine	24.0	15.0	18.0	0.27409540653791653	0.03029598352690821
0.41913287026040913	cosine	24.0	0.0	3.0	0.41941699874357624	0.0020437099756060832
0.39162647052106003	cosine	24.0	9.0	6.0	0.21982506838819874	0.06617158668631351
0.6469137159677962	cosine	24.0	12.0	15.0	0.39424681762303065	0.003477203539555004
-1.3079090791043104	cosine	24.0	15.0	18.0	0.13141560587434356	0.18414709071421098
0.608341499380017	cosine	24.0	0.0	12.0	0.26572788879963366	0.03444220575113408
0.17704859322136945	cosine	24.0	9.0	6.0	0.3017937379566796	0.019410252116110444
-1.458413826289298	cosine	24.0	12.0	15.0	0.2140197009953595	0.07143562183788349
-0.8927293890284194	cosine	24.0	15.0	12.0	0.2365480905738184	0.052679346147498834
0.6592877129874686	cosine	24.0	6.0	9.0	0.21237337115470045	0.07298545049751572
0.8622750697289437	cosine	24.0	21.0	0.0	0.2699264121556429	0.03230693818080994
-1.9938434734351622	cosine	24.0	18.0	3.0	0.4326217838658934	0.0015295535381500524
1.0011929167133153	cosine	24.0	9.0	21.0	0.24125756564895978	0.04930266217726652
1.5550104692121456	cosine	24.0	3.0	12.0	0.35127409801076814	0.008090044838256295
0.32511904022811583	cosine	24.0	21.0	9.0	0.330337282196268	0.011864341762666228
-1.282957837630974	cosine	24.0	12.0	15.0	0.20651023780253988	0.07871439991892487
-0.8952492091001568	cosine	24.0	18.0	15.0	0.24405755376663804	0.047378451921575866
-0.5361263275876191	cosine	24.0	9.0	12.0	0.22815259455336584	0.059151522051165605
-0.4558374133240229	cosine	24.0	0.0	3.0	0.21156432679985704	0.0737564416596048
0.8357273584238649	cosine	24.0	21.0	18.0	0.17305466381079335	0.11806115286078062
-0.11806985144544718	cosine	24.0	6.0	9.0	0.227276765621697	0.05986116155126607
-0.822274047309665	cosine	24.0	15.0	18.0	0.27409540653791653	0.03029598352690821
1.191455073605169	cosine	24.0	9.0	0.0	0.29950738883023387	0.02016114215609676
-1.3447708320887224	cosine	24.0	0.0	15.0	0.24034543548105186	0.04994280222373064
-1.67024625567975	cosine	24.0	15.0	12.0	0.26658594334509694	0.03399663812377356
-0.8034269985286616	cosine	24.0	18.0	3.0	0.17378823796322213	0.11707097859576515
0.42233947409259526	cosine	24.0	3.0	21.0	0.2878718795329364	0.024374796195956446
0.863073631483858	cosine	24.0	0.0	18.0	0.26572788879963366	0.03444220575113408
0.33847794081200155	cosine	24.0	12.0	18.0	0.1648877084848722	0.12948609931689714
-0.07374920856664544	cosine	24.0	3.0	18.0	0.21076445880646086	0.0745247925817003
0.46400280092969476	cosine	24.0	12.0	9.0	0.2580742462980696	0.03863252516949062
1.1297861494184058	cosine	24.0	12.0	15.0	0.18398184822408098	0.10391722445107726
-0.6982570082470301	cosine	24.0	21.0	3.0	0.3395411912439763	0.010049245916082774
0.5759079199480499	cosine	24.0	6.0	3.0	0.2932207336348896	0.022353887279688553
-0.5752976375191808	cosine	24.0	18.0	9.0	0.2561041850735112	0.03977585423405737
1.1479718356886512	cosine	24.0	21.0	0.0	0.2699264121556429	0.03230693818080994
-0.060872557295171	cosine	24.0	12.0	9.0	0.2655546592342455	0.03453273942337478
-0.0824143528115588	cosine	24.0	21.0	0.0	0.33648360967347263	0.010623344634627566
1.6015972849231317	cosine	24.0	6.0	3.0	0.36003052104537075	0.00685497779106477
0.5035957969042668	cosine	24.0	15.0	18.0	0.2140197009953595	0.07143562183788349
-1.3337050621862	cosine	24.0	3.0	18.0	0.12202152878268788	0.2017571781780051
0.15119314130095637	cosine	24.0	3.0	0.0	0.16702446852620292	0.12642548136726045
0.3079782777282639	cosine	24.0	15.0	12.0	0.24405755376663804	0.047378451921575866
0.4043792283689397	cosine	24.0	21.0	15.0	0.317917549787477	0.014760129652761701
0.6736479017793058	cosine	24.0	9.0	3.0	0.24543627378042976	0.04645332880937976
0.4750214228634726	cosine	24.0	0.0	21.0	0.4326217838658934	0.0015295535381500524
-1.0374107954466512	cosine	24.0	15.0	18.0	0.11639667948870429	0.21276808318223123
0.6406313749362292	cosine	24.0	12.0	15.0	0.14643453225998282	0.15805277010113494
1.0700182998758727	cosine	24.0	12.0	15.0	0.29662379611637546	0.021143176383724687
0.373981568995879	cosine	24.0	6.0	9.0	0.227276765621697	0.05986116155126607
0.03232849502031149	cosine	24.0	18.0	15.0	0.41677520720148953	0.002163732623355074
-1.4933900769492154	cosine	24.0	21.0	18.0	0.28591640107870203	0.025150935058516143
-0.15641908781227978	cosine	24.0	6.0	3.0	0.2857974239226139	0.02519881865604328
-0.511289200929693	cosine	24.0	6.0	3.0	0.2561041850735112	0.03977585423405737
-2.4117864285950783	cosine	24.0	3.0	12.0	0.3734598305167114	0.005283338852544909
1.295317890319398	cosine	24.0	12.0	3.0	0.28471690049293835	0.0256371939762934
0.11670363188998553	cosine	24.0	0.0	3.0	0.2932207336348896	0.022353887279688553
0.8956573683626999	cosine	24.0	6.0	9.0	0.1676631877537109	0.12552046793508637
-0.5165804688518602	cosine	24.0	12.0	15.0	0.2590764801522773	0.03806123580744964
-0.21353092194881323	cosine	24.0	18.0	15.0	0.19900077460972024	0.08654178804169727
-0.01377339905880004	cosine	24.0	12.0	18.0	0.35975500033063024	0.006891145241127548
-0.43399514142575263	cosine	24.0	3.0	21.0	0.3690665122217134	0.00575805764378841
-0.8032336797449247	cosine	24.0	12.0	18.0	0.5021580212948381	0.0002932505154731051
-1.2693617010677496	cosine	24.0	6.0	9.0	0.2049216739212022	0.08032379819344765
-0.2702071612271076	cosine	24.0	0.0	6.0	0.2751861251477546	0.029787333680552044
0.11758041008968244	cosine	24.0	0.0	21.0	0.29211214466158614	0.02276070879876716
-0.6248066014808233	cosine	24.0	12.0	6.0	0.291174533047882	0.023109639719022
-1.0678828739082917	cosine	24.0	15.0	6.0	0.11506130054027312	0.2154327694040179
-0.7280391952053494	cosine	24.0	0.0	9.0	0.2551359238183474	0.04034778682105685
0.5070874736558365	cosine	24.0	15.0	18.0	0.18398184822408098	0.10391722445107726
1.4490918883281856	cosine	24.0	9.0	6.0	0.39121410475865875	0.003700313337904557
0.8457772299870476	cosine	24.0	3.0	21.0	0.22882123757746228	0.05861420943696903
-0.12912207728920724	cosine	24.0	12.0	18.0	0.26232135440775123	0.03625871568011357
-0.8478302483156562	cosine	24.0	3.0	9.0	0.22312388525493615	0.06331718635548518
-0.790556857188895	cosine	24.0	18.0	21.0	0.23324759035367798	0.05515330692798147
0.6336180091626396	cosine	24.0	21.0	3.0	0.23620256782189655	0.052934139906380795
1.1303451652364906	cosine	24.0	21.0	0.0	0.19597397046916537	0.08985625322931617
0.2460351447880335	cosine	24.0	0.0	12.0	0.3469225214884106	0.008773600268086433
0.1728989415154931	cosine	24.0	12.0	15.0	0.2365480905738184	0.052679346147498834
-1.6287501129621602	cosine	24.0	21.0	18.0	0.31601286435014436	0.015254106285572607
1.3075636287281147	cosine	24.0	12.0	18.0	0.23983666688708685	0.050302729438385485
-0.8622612658766099	cosine	24.0	3.0	0.0	0.24125756564895978	0.04930266217726652
-0.7514012961292367	cosine	24.0	6.0	0.0	0.3123734393569106	0.016237554289091953
1.164202034533329	cosine	24.0	9.0	3.0	0.23056134809676734	0.057233835382467506
0.9050264287378169	cosine	24.0	12.0	6.0	0.23144642370472673	0.05654161670725406
-0.49853641010463506	cosine	24.0	15.0	12.0	0.15394399545280243	0.1459636853800239
-0.27202005653209843	cosine	24.0	15.0	12.0	0.2590764801522773	0.03806123580744964
0.27497779957943275	cosine	24.0	15.0	21.0	0.317917549787477	0.014760129652761701
-0.5558775192060292	cosine	24.0	15.0	9.0	0.17171831436157145	0.11988014354567555
-0.22068262857844084	cosine	24.0	6.0	15.0	0.3823004501821978	0.004432269204779407
0.05879148356631977	cosine	24.0	9.0	6.0	0.1825665822207074	0.1056765215839412
0.018306328738136448	cosine	24.0	6.0	9.0	0.227276765621697	0.05986116155126607
1.1561125051473367	cosine	24.0	0.0	3.0	0.3674538307576464	0.00594159154192835
-0.34777942609066054	cosine	24.0	3.0	21.0	0.17715192586642242	0.11260606365924808
-0.3344046857044433	cosine	24.0	0.0	3.0	0.2264109462244084	0.060569228522496806
-0.3538263708623218	cosine	24.0	15.0	12.0	0.13892506906716318	0.17078109313035117
1.1413576310274918	cosine	24.0	21.0	3.0	0.3395411912439763	0.010049245916082774
-0.27159810866363643	cosine	24.0	3.0	6.0	0.4862267861540574	0.0004362367727824581
-0.6580214855276987	cosine	24.0	9.0	0.0	0.29211214466158614	0.02276070879876716
0.40067439775340113	cosine	24.0	9.0	6.0	0.21237337115470045	0.07298545049751572
-0.5165126853087304	cosine	24.0	6.0	9.0	0.33160052689067265	0.011599478395197028
-0.15100435752038374	cosine	24.0	15.0	6.0	0.3377605919085437	0.010380190257282039
-0.07620511309346305	cosine	24.0	21.0	15.0	0.2730350721704214	0.03079734328122759
-0.9882723087489097	cosine	24.0	15.0	12.0	0.24405755376663804	0.047378451921575866
0.013675401846988703	cosine	24.0	9.0	12.0	0.2505938333618936	0.043120464095440875
-1.2882696423569637	cosine	24.0	12.0	21.0	0.3837624075251605	0.00430398916286051
1.8029027230539059	cosine	24.0	9.0	3.0	0.38674806777522264	0.004052272995904978
-0.14435937063976206	cosine	24.0	12.0	0.0	0.2878718795329364	0.024374796195956446
-0.028670345170018083	cosine	24.0	21.0	18.0	0.18810289544651448	0.09891558665411498
-0.4213097131845038	cosine	24.0	12.0	9.0	0.22815259455336584	0.059151522051165605
0.648539318609099	cosine	24.0	15.0	21.0	0.3029567239151251	0.019037505968002938
1.221646250058251	cosine	24.0	15.0	18.0	0.34919003846611285	0.0084113441669734
0.31238091176803817	cosine	24.0	6.0	9.0	0.24963185732219176	0.04372700742698232
0.1685951058972114	cosine	24.0	21.0	3.0	0.3100158702662392	0.016903200710028324
0.5448898335815312	cosine	24.0	9.0	6.0	0.13040470158621958	0.18599485111582204
0.6934418126374635	cosine	24.0	15.0	21.0	0.19823094280866213	0.08737598727842949
-1.5556812067845194	cosine	24.0	12.0	3.0	0.24774067964969962	0.04493949144849353
-0.008817070127271478	cosine	24.0	15.0	12.0	0.22152916418817914	0.06468486429452701
-0.790539467478204	cosine	24.0	15.0	18.0	0.31915218569483433	0.014447331991700058
-0.4017909225696216	cosine	24.0	6.0	12.0	0.47035886107734787	0.0006407655544181333
-0.881157830948418	cosine	24.0	9.0	12.0	0.14586805225543062	0.15899064436178167
-1.429968391384624	cosine	24.0	6.0	9.0	0.2943420407231813	0.021948655444004782
0.641380984270209	cosine	24.0	0.0	21.0	0.2551359238183474	0.04034778682105685
0.9738433724547306	cosine	24.0	3.0	12.0	0.38825031885400685	0.003930673389220724
-0.7086544095557773	cosine	24.0	21.0	3.0	0.3469225214884106	0.008773600268086433
1.2875469796015722	cosine	24.0	18.0	12.0	0.36724989617085174	0.005965166286952631
0.24758732820532495	cosine	24.0	0.0	6.0	0.290061050831417	0.023529860808762543
0.8684887483656493	cosine	24.0	6.0	3.0	0.24125756564895978	0.04930266217726652
0.9179915391898097	cosine	24.0	18.0	6.0	0.39268956495237534	0.003590211202373994
-0.4529326263555858	cosine	24.0	9.0	12.0	0.35531961446835664	0.007497010747590814
0.4567977194017545	cosine	24.0	12.0	9.0	0.1907505298724862	0.09579651477177781
-1.0571959682504215	cosine	24.0	12.0	15.0	0.1914913114169006	0.09493692298572759
1.1352874958265402	cosine	24.0	9.0	6.0	0.19001827945420569	0.09665182047357779
-0.470313948161285	cosine	24.0	3.0	6.0	0.24868087536123548	0.04433336645633893
0.7218192785375137	cosine	24.0	6.0	9.0	0.2421801600886935	0.04866185976418303
1.1685425227566302	cosine	24.0	0.0	21.0	0.22555494714375637	0.0612756889104502
1.4461590819246808	cosine	24.0	12.0	18.0	0.13490812512398634	0.17785171987249232
0.27414203235601753	cosine	24.0	21.0	9.0	0.2561041850735112	0.03977585423405737
-0.43459093209934935	cosine	24.0	21.0	0.0	0.19597397046916537	0.08985625322931617
-0.43151448790428915	cosine	24.0	6.0	12.0	0.29864054671577644	0.02045220334565448
0.45798602559020046	cosine	24.0	21.0	0.0	0.15160250545727888	0.14966458474778954
0.021101710254420848	cosine	24.0	0.0	3.0	0.14475453938937588	0.160844803171809
-0.5852680692738942	cosine	24.0	12.0	6.0	0.19411635536525468	0.09193660660926267
-1.738552273687426	cosine	24.0	21.0	0.0	0.14420726128863112	0.16176125330350544
0.007173131912520498	cosine	24.0	15.0	12.0	0.11639667948870429	0.21276808318223123
-0.1824489609173256	cosine	24.0	3.0	0.0	0.19671770737530567	0.08903321910476264
0.9899468816833435	cosine	24.0	21.0	18.0	0.14295820053935102	0.16386560074610457
-1.7372469409211189	cosine	24.0	12.0	18.0	0.1873723960055366	0.09978909481037329
-0.9651288250137813	cosine	24.0	12.0	9.0	0.24311342042571768	0.04802044059311893
-1.560186563237013	cosine	24.0	6.0	9.0	0.1676631877537109	0.12552046793508637
-0.7827963335751419	cosine	24.0	18.0	15.0	0.2891143329235558	0.023892184636934675
-0.0911580950281683	cosine	24.0	3.0	6.0	0.5753065027013656	4.0986565107330536e-05
1.0408726030837605	cosine	24.0	12.0	9.0	0.19823094280866213	0.08737598727842949
0.420854369024396	cosine	24.0	3.0	12.0	0.24774067964969962	0.04493949144849353
0.9791296451955404	cosine	24.0	3.0	0.0	0.18929439766303	0.09750285144846599
1.0086718181991265	cosine	24.0	15.0	12.0	0.20651023780253988	0.07871439991892487
-0.456285269999244	cosine	24.0	18.0	21.0	0.37620579089302897	0.005004611630800322
0.9771098119226699	cosine	24.0	15.0	18.0	0.2590764801522773	0.03806123580744964
0.2597057127295726	cosine	24.0	6.0	9.0	0.3241488296571744	0.013239016787172118
1.3787959881821483	cosine	24.0	0.0	3.0	0.330337282196268	0.011864341762666228
-1.4725281099709355	cosine	24.0	0.0	6.0	0.19337403388761132	0.0927778374767943
-1.263890132931251	cosine	24.0	3.0	6.0	0.17444777823847862	0.11618577088949705
-0.7439090789545424	cosine	24.0	15.0	18.0	0.2365480905738184	0.052679346147498834
1.2277660089875821	cosine	24.0	21.0	0.0	0.23295019131240413	0.055380662873957556
0.6831919038735769	cosine	24.0	3.0	9.0	0.2826235879895858	0.026504638918733395
-0.2811918905934204	cosine	24.0	0.0	21.0	0.17378823796322213	0.11707097859576515
0.21219812330988658	cosine	24.0	18.0	15.0	0.20651023780253988	0.07871439991892487
-0.8698668735274536	cosine	24.0	15.0	18.0	0.17647238503126134	0.1134981303078686
-0.8197857833713209	cosine	24.0	6.0	12.0	0.40316473806629816	0.002889432401796725
0.6871479382643644	cosine	24.0	0.0	21.0	0.29211214466158614	0.02276070879876716
-0.6311540867378763	cosine	24.0	6.0	3.0	0.19671770737530567	0.08903321910476264
-0.44756533464997383	cosine	24.0	12.0	6.0	0.39569872439840376	0.0033747297067160454
0.35243971953742764	cosine	24.0	6.0	9.0	0.28689034348968306	0.024761821716796587
-0.7178761081184546	cosine	24.0	15.0	9.0	0.2687764920441988	0.03288060196554171
0.29991847148797307	cosine	24.0	0.0	21.0	0.3586693421794159	0.0070353044355588755
-0.21013754763611783	cosine	24.0	9.0	6.0	0.398665801992157	0.003173715485591541
-0.9851501529308191	cosine	24.0	12.0	18.0	0.1873723960055366	0.09978909481037329
-1.003125599104698	cosine	24.0	9.0	6.0	0.2645352517891883	0.03506947273840929
-0.0741607009070737	cosine	24.0	12.0	0.0	0.2731092190440679	0.030762062328506853
-1.2725730436352687	cosine	24.0	0.0	18.0	0.14762660488868534	0.15609104027542364
0.08231111758087048	cosine	24.0	15.0	12.0	0.2590764801522773	0.03806123580744964
-1.7444640186560685	cosine	24.0	9.0	6.0	0.15275979328671438	0.14782765030387718
1.8432501459423047	cosine	24.0	15.0	12.0	0.2590764801522773	0.03806123580744964
0.47212088844056815	cosine	24.0	21.0	9.0	0.2338342559366841	0.05470697449766232
-0.8041985527876757	cosine	24.0	9.0	6.0	0.398665801992157	0.003173715485591541
-1.491840199798384	cosine	24.0	15.0	3.0	0.3100158702662392	0.016903200710028324
-0.27893858242444863	cosine	24.0	3.0	12.0	0.4252265396972456	0.0018007516288111659
0.7983064178641063	cosine	24.0	15.0	21.0	0.4450845697024678	0.0011554745608711849
-1.507241272334906	cosine	24.0	9.0	6.0	0.36885901305816393	0.005781386903632934
0.31047645392213313	cosine	24.0	3.0	0.0	0.17444777823847862	0.11618577088949705
-0.5710699685368906	cosine	24.0	9.0	6.0	0.2645352517891883	0.03506947273840929
-0.03567557696575491	cosine	24.0	21.0	0.0	0.3216931213361771	0.01382149916799702
-1.7340512392219913	cosine	24.0	12.0	21.0	0.36885901305816393	0.005781386903632934
-0.817690894307995	cosine	24.0	9.0	15.0	0.23144642370472673	0.05654161670725406
0.5913899605786699	cosine	24.0	3.0	0.0	0.08536806169117038	0.27946517588573627
1.2095141056341672	cosine	24.0	9.0	6.0	0.2421801600886935	0.04866185976418303
-2.176075148756718	cosine	24.0	21.0	9.0	0.32291397248399234	0.01352921307913464
0.28481472083942	cosine	24.0	0.0	21.0	0.24034543548105186	0.04994280222373064
-0.9081150497441065	cosine	24.0	6.0	3.0	0.10763799082799744	0.23059422607029073
0.6310198533341912	cosine	24.0	18.0	0.0	0.2583465585551994	0.03847661585264555
0.7911449656387096	cosine	24.0	0.0	3.0	0.16702446852620292	0.12642548136726045
0.8590778123813098	cosine	24.0	12.0	9.0	0.21319176868101397	0.07221183733783956
1.4162189099260472	cosine	24.0	18.0	21.0	0.12790996890362985	0.19060375826163167
1.4124145039039062	cosine	24.0	21.0	18.0	0.23324759035367798	0.05515330692798147
-0.6452469358482719	cosine	24.0	18.0	15.0	0.2816048697307362	0.026935575910470858
0.7391436874289957	cosine	24.0	18.0	15.0	0.16145345864562208	0.13451203512311516
-0.440664409779623	cosine	24.0	6.0	9.0	0.16021149052021263	0.13636216882002333
-0.07218437627942267	cosine	24.0	18.0	21.0	0.1504823163572116	0.15145707876053838
-0.6382940969530122	cosine	24.0	21.0	18.0	0.27086816944298087	0.031843296004397496
-2.2869709458945717	cosine	24.0	6.0	12.0	0.2090483827010435	0.07619384796207052
-0.04319591103424023	cosine	24.0	18.0	15.0	0.11639667948870429	0.21276808318223123
-0.046141152309446355	cosine	24.0	9.0	18.0	0.330337282196268	0.011864341762666228
0.6651912105308369	cosine	24.0	6.0	3.0	0.10021468111572175	0.2463341008151944
-1.3794556183937645	cosine	24.0	3.0	0.0	0.24868087536123548	0.04433336645633893
-2.729705795899134	cosine	24.0	3.0	9.0	0.32724836504057303	0.012534194594043507
-0.7861144613520236	cosine	24.0	18.0	21.0	0.36115755925730786	0.006708771770159142
1.2530081033484737	cosine	24.0	12.0	15.0	0.326661648887654	0.01266506290239042
-0.31011876091893903	cosine	24.0	15.0	18.0	0.1914913114169006	0.09493692298572759
-0.7819846731824346	cosine	24.0	6.0	9.0	0.28689034348968306	0.024761821716796587
2.10246578093764	cosine	24.0	3.0	0.0	0.24868087536123548	0.04433336645633893
0.674084188457717	cosine	24.0	0.0	3.0	0.37487714046992215	0.0051377970621272195
1.5893797774978116	cosine	24.0	9.0	12.0	0.31043713685130103	0.016782574144907064
1.4404110237240202	cosine	24.0	9.0	12.0	0.1683092910639584	0.12460960164846763
0.020310240163882835	cosine	24.0	0.0	6.0	0.4685601590353659	0.0006688423871824162
-1.3660800608119992	cosine	24.0	12.0	3.0	0.20336921463781313	0.08192052243423542
0.18561580271285585	cosine	24.0	12.0	6.0	0.32850460138735404	0.012257919988595213
0.30386342924563026	cosine	24.0	21.0	0.0	0.1589977496259266	0.13818700065494172
-0.530211882836871	cosine	24.0	3.0	21.0	0.2509652283107651	0.042888118888463896
-1.3853441133513604	cosine	24.0	12.0	18.0	0.28480604192841563	0.025600788696373288
0.3817646830908252	cosine	24.0	15.0	18.0	0.20651023780253988	0.07871439991892487
1.0967615982874492	cosine	24.0	21.0	15.0	0.28051548510659735	0.027402861731981906
-0.395417247917144	cosine	24.0	21.0	18.0	0.24829582198939915	0.044580801125198674
-0.9304328671028675	cosine	24.0	6.0	21.0	0.2857974239226139	0.02519881865604328
-1.8651112797021914	cosine	24.0	6.0	0.0	0.4462477705098723	0.001125231503920662
2.5096477469914262	cosine	24.0	21.0	0.0	0.20336921463781313	0.08192052243423542
-0.45388247159000056	cosine	24.0	18.0	15.0	0.2816048697307362	0.026935575910470858
0.592303925396371	cosine	24.0	15.0	18.0	0.18398184822408098	0.10391722445107726
0.7968890181296459	cosine	24.0	18.0	12.0	0.6520559380992673	4.022464372449781e-06
-0.14760630620841766	cosine	24.0	3.0	6.0	0.2561041850735112	0.03977585423405737
-0.7033760709064325	cosine	24.0	21.0	15.0	0.35531961446835664	0.007497010747590814
-2.1171921786907504	cosine	24.0	12.0	0.0	0.3173972005106735	0.014893695995628085
0.528209213441512	cosine	24.0	15.0	12.0	0.22903862738099875	0.05844034568396187
0.3266951238377233	cosine	24.0	0.0	21.0	0.3142978771675294	0.015710968084713377
0.25822708231957964	cosine	24.0	12.0	15.0	0.2816048697307362	0.026935575910470858
0.3845668843591245	cosine	24.0	21.0	0.0	0.23295019131240413	0.055380662873957556
1.1291820826607464	cosine	24.0	18.0	15.0	0.26658594334509694	0.03399663812377356
-0.7315502119369295	cosine	24.0	3.0	0.0	0.13733122967710018	0.17356475677209343
-0.8764199214654297	cosine	24.0	15.0	12.0	0.34919003846611285	0.0084113441669734
-0.38844857091259166	cosine	24.0	0.0	21.0	0.19597397046916537	0.08985625322931617
-0.6816524706954374	cosine	24.0	3.0	6.0	0.24868087536123548	0.04433336645633893
0.4814022475489523	cosine	24.0	6.0	3.0	0.2709508044980625	0.03180287707901677
1.0034176741120526	cosine	24.0	9.0	12.0	0.17578970400013433	0.11439938205227845
0.1488812195154412	cosine	24.0	3.0	0.0	0.41941699874357624	0.0020437099756060832
-1.8848957743938528	cosine	24.0	18.0	9.0	0.449110237592679	0.0010538706528264057
-0.529352441574222	cosine	24.0	12.0	15.0	0.31915218569483433	0.014447331991700058
1.7165550267458023	cosine	24.0	18.0	0.0	0.26572788879963366	0.03444220575113408
-1.017655691543619	cosine	24.0	6.0	9.0	0.37631071029166224	0.0049942265676904355
-1.2853482538518242	cosine	24.0	18.0	21.0	0.31601286435014436	0.015254106285572607
-0.3772694853044195	cosine	24.0	15.0	12.0	0.22903862738099875	0.05844034568396187
-0.5754130381057666	cosine	24.0	9.0	3.0	0.33468582788240425	0.010974068511825539
1.5857229817289438	cosine	24.0	3.0	6.0	0.16702446852620292	0.12642548136726045
-0.7181945842888103	cosine	24.0	21.0	12.0	0.40611749922565527	0.002715547870623878
0.039659576629513096	cosine	24.0	21.0	12.0	0.19001827945420569	0.09665182047357779
0.5261714455299699	cosine	24.0	6.0	9.0	0.21982506838819874	0.06617158668631351
-0.3460076314457735	cosine	24.0	9.0	12.0	0.24311342042571768	0.04802044059311893
0.4975530906877336	cosine	24.0	12.0	9.0	0.22815259455336584	0.059151522051165605
-0.18639034427948395	cosine	24.0	6.0	3.0	0.32291397248399234	0.01352921307913464
0.5617221056990475	cosine	24.0	6.0	3.0	0.18929439766303	0.09750285144846599
-2.6146798681321664	cosine	24.0	18.0	6.0	0.4297357503252409	0.0016306185643478117
-1.4118683125978106	cosine	24.0	3.0	0.0	0.2857974239226139	0.02519881865604328
0.37015565032658043	cosine	24.0	18.0	0.0	0.19929591659972523	0.08622355226943118
-1.8437241438828051	cosine	24.0	9.0	6.0	0.34650392135766916	0.008841950715020211
-1.6091446698655454	cosine	24.0	9.0	6.0	0.19746997668770394	0.08820646422125328
-0.28116436528379213	cosine	24.0	3.0	0.0	0.3823004501821978	0.004432269204779407
0.3099992012463817	cosine	24.0	12.0	15.0	0.3041332593091951	0.01866662856252859
0.21367804626827594	cosine	24.0	21.0	0.0	0.16639299379457437	0.12732468937632635
0.7536335925984151	cosine	24.0	18.0	0.0	0.1845332561108567	0.10323755908592297
-0.6982799761785089	cosine	24.0	18.0	21.0	0.3837299067108896	0.004306804500442138
-0.07420134247029812	cosine	24.0	6.0	3.0	0.19671770737530567	0.08903321910476264
0.40869295002373357	cosine	24.0	0.0	6.0	0.33468582788240425	0.010974068511825539
-0.7098955484964377	cosine	24.0	6.0	12.0	0.17918432802946585	0.10996794592401771
0.5750484059609168	cosine	24.0	9.0	12.0	0.1608288781277825	0.13544029453589856
2.0517613413727216	cosine	24.0	18.0	15.0	0.16896292183844172	0.12369283503412826
-0.06233986245454896	cosine	24.0	12.0	15.0	0.3116427225020147	0.016441424648025
-0.135717797617213	cosine	24.0	15.0	18.0	0.22903862738099875	0.05844034568396187
-0.6944988135402999	cosine	24.0	18.0	6.0	0.3037787200574979	0.018777736501489114
0.7868377248742657	cosine	24.0	18.0	12.0	0.28480604192841563	0.025600788696373288
1.072138557759865	cosine	24.0	12.0	0.0	0.28049054928850214	0.02741363646522646
-1.614373474765679	cosine	24.0	6.0	3.0	0.2857974239226139	0.02519881865604328
-1.4974241006224598	cosine	24.0	15.0	6.0	0.2561041850735112	0.03977585423405737
0.9280876963067254	cosine	24.0	9.0	6.0	0.2794386462561848	0.02787139059585182
0.37555491111393535	cosine	24.0	18.0	15.0	0.24405755376663804	0.047378451921575866
0.06694509866855641	cosine	24.0	3.0	21.0	0.32477853075510776	0.013093115992743426
-0.5004653913870115	cosine	24.0	15.0	18.0	0.3341711120804736	0.011076319946854101
0.16781488783976906	cosine	24.0	21.0	15.0	0.1683092910639584	0.12460960164846763
-1.4024002968406581	cosine	24.0	6.0	15.0	0.2264109462244084	0.060569228522496806
-0.7080277072224039	cosine	24.0	12.0	3.0	0.10723104044539238	0.2314422767873972
1.3854113470507776	cosine	24.0	9.0	0.0	0.1885787263005176	0.09834961988888624
-0.22217350317558057	cosine	24.0	3.0	9.0	0.3421232907242354	0.009585702427533002
1.0219828990452084	cosine	24.0	12.0	6.0	0.2090483827010435	0.07619384796207052
-0.5317636423563371	cosine	24.0	12.0	15.0	0.24405755376663804	0.047378451921575866
-0.7129839671167444	cosine	24.0	0.0	21.0	0.24034543548105186	0.04994280222373064
-1.1204858266008322	cosine	24.0	12.0	15.0	0.2140197009953595	0.07143562183788349
0.12167595483040476	cosine	24.0	12.0	9.0	0.2580742462980696	0.03863252516949062
-2.257330327665394	cosine	24.0	9.0	12.0	0.3927216791492363	0.0035878478178341827
0.8729672630212905	cosine	24.0	9.0	6.0	0.1825665822207074	0.1056765215839412
2.1495219613426353	cosine	24.0	12.0	9.0	0.36280002740453254	0.006500636034123981
0.31421530473182296	cosine	24.0	18.0	0.0	0.2731092190440679	0.030762062328506853
0.9046461609353875	cosine	24.0	9.0	18.0	0.330337282196268	0.011864341762666228
-1.5090493914250682	cosine	24.0	6.0	3.0	0.21898763651213274	0.06691183000253088
-0.6731725629021529	cosine	24.0	15.0	12.0	0.20651023780253988	0.07871439991892487
-0.7715869990371814	cosine	24.0	6.0	3.0	0.26352749478578685	0.03560678181850737
-0.4749287153234637	cosine	24.0	21.0	0.0	0.46220276054048437	0.0007774237502962231
-0.9070227798404457	cosine	24.0	12.0	15.0	0.2816048697307362	0.026935575910470858
-1.1298136586105343	cosine	24.0	21.0	6.0	0.41941699874357624	0.0020437099756060832
1.137536194924708	cosine	24.0	3.0	0.0	0.21898763651213274	0.06691183000253088
1.0450885631402334	cosine	24.0	12.0	9.0	0.3253979627236529	0.012950952528887621
0.5247675051658033	cosine	24.0	21.0	15.0	0.3702804403407085	0.005623241622001215
-0.8507339764753619	cosine	24.0	9.0	12.0	0.2730350721704214	0.03079734328122759
-1.8497044051450244	cosine	24.0	12.0	15.0	0.34168057527329326	0.009663826561076
-0.0010447363188101487	cosine	24.0	12.0	18.0	0.22484687520664393	0.06186491582312426
-1.0327532772541983	cosine	24.0	0.0	18.0	0.24358389806633082	0.04769966180633572
0.03483628427432697	cosine	24.0	3.0	6.0	0.06309813255434332	0.33288133067266557
-1.2182057499616752	cosine	24.0	21.0	12.0	0.3837624075251605	0.00430398916286051
0.63467499070166	cosine	24.0	9.0	6.0	0.28689034348968306	0.024761821716796587
1.6004288996753606	cosine	24.0	12.0	9.0	0.28051548510659735	0.027402861731981906
0.5740589141193645	cosine	24.0	15.0	21.0	0.2954763109789492	0.021545066942792488
1.028214528603	cosine	24.0	6.0	3.0	0.2709508044980625	0.03180287707901677
0.07749659641966702	cosine	24.0	21.0	12.0	0.31669713242367614	0.015075032280515356
0.048380003542537665	cosine	24.0	9.0	18.0	0.18929439766303	0.09750285144846599
0.1927339508915366	cosine	24.0	15.0	18.0	0.20651023780253988	0.07871439991892487
0.4578775259220389	cosine	24.0	21.0	0.0	0.12941677295133563	0.18781168020979827
1.2180254062692382	cosine	24.0	6.0	3.0	0.2264109462244084	0.060569228522496806
1.7062368926886073	cosine	24.0	15.0	18.0	0.386737354430211	0.004053152147956198
-0.41929613248141767	cosine	24.0	9.0	6.0	0.2645352517891883	0.03506947273840929
-1.1920579815963435	cosine	24.0	6.0	9.0	0.2421801600886935	0.04866185976418303
0.32100238573566947	cosine	24.0	21.0	18.0	0.2257234745358174	0.061136095767155875
0.6421209427405272	cosine	24.0	21.0	0.0	0.3069026329988816	0.017817847893956983
1.7328367883265523	cosine	24.0	3.0	12.0	0.22555494714375637	0.0612756889104502
-0.30910089403580737	cosine	24.0	21.0	9.0	0.2857974239226139	0.02519881865604328
1.684609110778249	cosine	24.0	6.0	21.0	0.2709508044980625	0.03180287707901677
0.35534748604964406	cosine	24.0	3.0	6.0	0.14475453938937588	0.160844803171809
0.6638759115778701	cosine	24.0	18.0	0.0	0.16977059562198815	0.12256654833167985
0.8476885836995222	cosine	24.0	0.0	6.0	0.4908725475608595	0.00038897829697491
0.5015407361320557	cosine	24.0	0.0	21.0	0.18118348213186988	0.10741654185240362
0.946166204764414	cosine	24.0	18.0	15.0	0.22152916418817914	0.06468486429452701
1.676358439133012	cosine	24.0	18.0	12.0	0.21735197936642245	0.06837611648478077
-0.23893852116626912	cosine	24.0	3.0	0.0	0.2783741142103382	0.0283411053804827
0.3383927679036561	cosine	24.0	15.0	21.0	0.15334846519160655	0.14689908245619482
-0.835659839702322	cosine	24.0	18.0	21.0	0.31601286435014436	0.015254106285572607
0.6703733711917648	cosine	24.0	15.0	12.0	0.2365480905738184	0.052679346147498834
-1.9520162999770574	cosine	24.0	9.0	12.0	0.28051548510659735	0.027402861731981906
0.8124175350800898	cosine	24.0	21.0	18.0	0.24077170617153856	0.0496428218829794
-1.38989727211347	cosine	24.0	15.0	12.0	0.2590764801522773	0.03806123580744964
