ID	Waveform	Period	Phase	Nadir	Tau	P
0.7102499507140463	cosine	24.0	18.0	21.0	0.2257234745358174	0.061136095767155875
-1.552921707947766	cosine	24.0	6.0	3.0	0.2857974239226139	0.02519881865604328
1.4788450623635578	cosine	24.0	0.0	21.0	0.28471690049293835	0.0256371939762934
-0.9759205198208009	cosine	24.0	21.0	18.0	0.39125402252875013	0.0036972951644364377
-1.3373719292607558	cosine	24.0	18.0	15.0	0.19900077460972024	0.08654178804169727
-0.41299968804750814	cosine	24.0	6.0	21.0	0.17444777823847862	0.11618577088949705
0.736005860681745	cosine	24.0	6.0	9.0	0.3092454351901779	0.01712572740233685
2.120194806431509	cosine	24.0	21.0	15.0	0.12342681344690283	0.19906049418466365
0.9392179455194589	cosine	24.0	12.0	15.0	0.39424681762303065	0.003477203539555004
0.019322127174683533	cosine	24.0	3.0	12.0	0.35127409801076814	0.008090044838256295
0.7652006292149305	cosine	24.0	0.0	6.0	0.1710616453621177	0.12078118127288895
0.6398726238351439	cosine	24.0	21.0	15.0	0.2580742462980696	0.03863252516949062
0.3889360296692516	cosine	24.0	3.0	6.0	0.15217784910165155	0.14874946071331063
0.18140886373573678	cosine	24.0	15.0	18.0	0.3041332593091951	0.01866662856252859
0.1762310967174738	cosine	24.0	9.0	15.0	0.24637845104051553	0.04582950804198322
-0.8711123610885961	cosine	24.0	15.0	18.0	0.20651023780253988	0.07871439991892487
-0.8705077269577748	cosine	24.0	9.0	0.0	0.14420726128863112	0.16176125330350544
-0.7591794807413428	cosine	24.0	21.0	0.0	0.1885787263005176	0.09834961988888624
1.645438946910559	cosine	24.0	21.0	18.0	0.13543408472149043	0.17691556091276012
-0.43791194424629587	cosine	24.0	18.0	12.0	0.2473315627273083	0.04520531538629516
0.26756258501720076	cosine	24.0	0.0	21.0	0.15160250545727888	0.14966458474778954
-0.7163237985631735	cosine	24.0	12.0	9.0	0.19823094280866213	0.08737598727842949
-0.019753813384633306	cosine	24.0	15.0	18.0	0.39424681762303065	0.003477203539555004
1.2448905216084358	cosine	24.0	12.0	9.0	0.20571135574483804	0.0795206783939611
-0.9962848118454251	cosine	24.0	9.0	6.0	0.3539556185911674	0.0076925343627084405
1.4140672878899687	cosine	24.0	18.0	21.0	0.4138263699823319	0.0023052253400172936
-1.94464681254453	cosine	24.0	9.0	12.0	0.2730350721704214	0.03079734328122759
0.17295027121996603	cosine	24.0	0.0	6.0	0.2603111994640922	0.03736692036454452
-0.35061246406865626	cosine	24.0	6.0	9.0	0.3390522241241709	0.010139196014009982
-0.5784141231138664	cosine	24.0	6.0	9.0	0.2645352517891883	0.03506947273840929
-1.1626850363827395	cosine	24.0	15.0	6.0	0.2932207336348896	0.022353887279688553
0.0975551731471959	cosine	24.0	21.0	0.0	0.24034543548105186	0.04994280222373064
-0.7033357341810691	cosine	24.0	12.0	9.0	0.10098557463837504	0.24467319711431257
-0.2549971104083891	cosine	24.0	12.0	3.0	0.3808550746853591	0.004562440916140081
-0.20182531338270668	cosine	24.0	15.0	18.0	0.3116427225020147	0.016441424648025
-0.5233444774923841	cosine	24.0	3.0	0.0	0.24125756564895978	0.04930266217726652
-0.003976981657818011	cosine	24.0	15.0	6.0	0.2857974239226139	0.02519881865604328
0.23727349789653454	cosine	24.0	9.0	6.0	0.2049216739212022	0.08032379819344765
-0.204216957596935	cosine	24.0	9.0	0.0	0.23295019131240413	0.055380662873957556
-0.11797398070283927	cosine	24.0	3.0	0.0	0.36003052104537075	0.00685497779106477
1.2628420787677608	cosine	24.0	6.0	9.0	0.23472846285519525	0.05403216505640069
1.2704250730231477	cosine	24.0	18.0	12.0	0.5396325004959454	0.00011023270370214024
-1.6688897397850508	cosine	24.0	3.0	6.0	0.43426361816812764	0.0014746410900555347
-2.9124347643904227	cosine	24.0	3.0	9.0	0.252873736622261	0.041710063911116285
0.6244542521188051	cosine	24.0	6.0	12.0	0.17918432802946585	0.10996794592401771
-0.33230994878831915	cosine	24.0	3.0	18.0	0.2551359238183474	0.04034778682105685
-1.6394591733302744	cosine	24.0	21.0	18.0	0.20315112708223565	0.08214673110717585
0.6290630709656474	cosine	24.0	3.0	15.0	0.2731092190440679	0.030762062328506853
-0.9105674547385515	cosine	24.0	3.0	21.0	0.19191458635529096	0.09444831922890234
-0.8313637281863103	cosine	24.0	9.0	12.0	0.317917549787477	0.014760129652761701
0.9499385582144402	cosine	24.0	3.0	6.0	0.14475453938937588	0.160844803171809
0.8309796094436691	cosine	24.0	3.0	12.0	0.29211214466158614	0.02276070879876716
-0.4056211788051763	cosine	24.0	9.0	21.0	0.24125756564895978	0.04930266217726652
1.0248790629312639	cosine	24.0	6.0	3.0	0.21898763651213274	0.06691183000253088
-0.40303925840428534	cosine	24.0	9.0	12.0	0.2580742462980696	0.03863252516949062
0.057938122406888996	cosine	24.0	9.0	12.0	0.22815259455336584	0.059151522051165605
0.10612378790653498	cosine	24.0	12.0	18.0	0.26232135440775123	0.03625871568011357
0.019983836970299814	cosine	24.0	0.0	9.0	0.4400170280345411	0.0012961112381875797
1.024300207836467	cosine	24.0	9.0	0.0	0.3216931213361771	0.01382149916799702
1.493156675974714	cosine	24.0	9.0	12.0	0.317917549787477	0.014760129652761701
0.5500049094764357	cosine	24.0	12.0	6.0	0.3434366287231429	0.009357182198009475
-0.16811868879209366	cosine	24.0	18.0	15.0	0.2365480905738184	0.052679346147498834
-0.6451390849899858	cosine	24.0	6.0	3.0	0.3674538307576464	0.00594159154192835
-0.7558141154269606	cosine	24.0	18.0	15.0	0.17647238503126134	0.1134981303078686
-0.03717099963993364	cosine	24.0	18.0	12.0	0.38223968785129464	0.004437673986452457
0.016719381420237916	cosine	24.0	3.0	6.0	0.21898763651213274	0.06691183000253088
-1.2941027472821138	cosine	24.0	18.0	15.0	0.17647238503126134	0.1134981303078686
0.34382259056255476	cosine	24.0	12.0	3.0	0.29950738883023387	0.02016114215609676
0.7385958583393278	cosine	24.0	9.0	3.0	0.2974985136732482	0.020841095044795872
0.7718858241853425	cosine	24.0	15.0	12.0	0.19900077460972024	0.08654178804169727
1.0847575331636656	cosine	24.0	6.0	9.0	0.31669713242367614	0.015075032280515356
0.5183029230855303	cosine	24.0	6.0	21.0	0.36003052104537075	0.00685497779106477
-0.7246590309101241	cosine	24.0	3.0	0.0	0.09279137140344607	0.2626323221755049
-0.4820295318906478	cosine	24.0	9.0	6.0	0.45082768262664485	0.0010130720578278318
0.4869664104725944	cosine	24.0	15.0	18.0	0.26658594334509694	0.03399663812377356
2.0255735700047177	cosine	24.0	15.0	12.0	0.17647238503126134	0.1134981303078686
1.5968212274061258	cosine	24.0	3.0	21.0	0.1845332561108567	0.10323755908592297
0.9954153544066955	cosine	24.0	3.0	9.0	0.18593657104578012	0.10152240598303947
-0.09808144669061318	cosine	24.0	15.0	18.0	0.14643453225998282	0.15805277010113494
-1.0377417616113376	cosine	24.0	15.0	18.0	0.29662379611637546	0.021143176383724687
-0.6161724043131955	cosine	24.0	6.0	21.0	0.449110237592679	0.0010538706528264057
-1.348280014958394	cosine	24.0	0.0	21.0	0.21815970297510862	0.06764995867882109
-0.8729548262138289	cosine	24.0	6.0	3.0	0.2264109462244084	0.060569228522496806
-0.7153432101660785	cosine	24.0	15.0	18.0	0.31915218569483433	0.014447331991700058
-0.6253144620711164	cosine	24.0	3.0	9.0	0.24543627378042976	0.04645332880937976
0.19352609329425277	cosine	24.0	9.0	12.0	0.33287837565982886	0.011336791543103485
-0.8364509392732168	cosine	24.0	21.0	0.0	0.24774067964969962	0.04493949144849353
-0.36808737341853576	cosine	24.0	21.0	12.0	0.21237337115470045	0.07298545049751572
0.9860472027523314	cosine	24.0	21.0	15.0	0.33287837565982886	0.011336791543103485
1.2986182883746482	cosine	24.0	21.0	15.0	0.21319176868101397	0.07221183733783956
-1.9453702184801698	cosine	24.0	6.0	3.0	0.3897237598944735	0.0038145915220834077
0.4746933362408616	cosine	24.0	3.0	6.0	0.31549066277171667	0.015391993660926931
-0.4289232731674414	cosine	24.0	6.0	3.0	0.24868087536123548	0.04433336645633893
-0.8792658099466353	cosine	24.0	15.0	9.0	0.2165143963689379	0.06913545510964812
0.6845993049575603	cosine	24.0	6.0	12.0	0.23891243737262113	0.050961859814427864
-0.7484173621218744	cosine	24.0	6.0	3.0	0.3451839016208194	0.009060553512911972
-0.1495885111139384	cosine	24.0	15.0	21.0	0.22815259455336584	0.059151522051165605
0.7183976099350602	cosine	24.0	9.0	12.0	0.1907505298724862	0.09579651477177781
-0.6853476391942384	cosine	24.0	6.0	0.0	0.32724836504057303	0.012534194594043507
-1.1459927893870727	cosine	24.0	21.0	3.0	0.32477853075510776	0.013093115992743426
-1.1045308894152548	cosine	24.0	9.0	12.0	0.34035878859600477	0.009900396537324115
-1.1898505022509613	cosine	24.0	0.0	6.0	0.23799881093859857	0.05162016738148153
-0.17343308854819658	cosine	24.0	21.0	18.0	0.30848874853228375	0.01734671524348048
0.5495731531852972	cosine	24.0	3.0	15.0	0.26572788879963366	0.03444220575113408
-0.5656994326269622	cosine	24.0	9.0	12.0	0.48248663438334743	0.000478093063517668
0.23719351307442463	cosine	24.0	3.0	0.0	0.2932207336348896	0.022353887279688553
-0.06445065493203933	cosine	24.0	0.0	3.0	0.2264109462244084	0.060569228522496806
-0.15959383258674362	cosine	24.0	9.0	6.0	0.4582793798601431	0.000852303292498541
0.7122144727057015	cosine	24.0	6.0	15.0	0.4045703793190249	0.002805441148677372
2.234627482833428	cosine	24.0	18.0	21.0	0.36115755925730786	0.006708771770159142
2.043329354478159	cosine	24.0	9.0	15.0	0.4479608200736646	0.0010820114308506689
0.33626456133621274	cosine	24.0	6.0	3.0	0.26352749478578685	0.03560678181850737
0.2351621752960709	cosine	24.0	12.0	15.0	0.11639667948870429	0.21276808318223123
-0.04675539889389205	cosine	24.0	0.0	3.0	0.2338342559366841	0.05470697449766232
-0.10669447076321821	cosine	24.0	18.0	21.0	0.28591640107870203	0.025150935058516143
1.294650607740389	cosine	24.0	0.0	6.0	0.3049359765150794	0.018417133755406018
-0.46545500598179057	cosine	24.0	18.0	21.0	0.18810289544651448	0.09891558665411498
0.6186656368397228	cosine	24.0	0.0	21.0	0.2625311679869951	0.03614461188618968
-1.1321816254112667	cosine	24.0	21.0	0.0	0.21076445880646086	0.0745247925817003
-0.35013658307500906	cosine	24.0	9.0	3.0	0.3123734393569106	0.016237554289091953
-0.18682764481368178	cosine	24.0	12.0	15.0	0.29662379611637546	0.021143176383724687
-0.9878783840925455	cosine	24.0	6.0	9.0	0.33160052689067265	0.011599478395197028
-0.09117002572469748	cosine	24.0	18.0	3.0	0.39564556302265463	0.003378433371147737
1.4210157631816833	cosine	24.0	6.0	9.0	0.16021149052021263	0.13636216882002333
0.9185163107003583	cosine	24.0	6.0	9.0	0.3017937379566796	0.019410252116110444
0.7696551540806841	cosine	24.0	18.0	6.0	0.20004940101347424	0.08541508118875585
0.3156925129945681	cosine	24.0	9.0	12.0	0.1683092910639584	0.12460960164846763
1.6537891779526068	cosine	24.0	3.0	6.0	0.2932207336348896	0.022353887279688553
0.6814189397816676	cosine	24.0	6.0	9.0	0.27198694902268655	0.031299660183120276
-1.0915688238109593	cosine	24.0	6.0	15.0	0.2857974239226139	0.02519881865604328
0.8178058362019733	cosine	24.0	0.0	3.0	0.24868087536123548	0.04433336645633893
-0.4168981356988023	cosine	24.0	6.0	9.0	0.2794386462561848	0.02787139059585182
0.08927981982143862	cosine	24.0	9.0	21.0	0.1299079199648245	0.18690708075242085
-0.585115674273428	cosine	24.0	21.0	9.0	0.36003052104537075	0.00685497779106477
-0.8541040870476156	cosine	24.0	15.0	0.0	0.3808550746853591	0.004562440916140081
-0.11154740666742234	cosine	24.0	12.0	9.0	0.46004539557481966	0.0008178129530211379
1.2075272785100135	cosine	24.0	21.0	15.0	0.22815259455336584	0.059151522051165605
-0.014699587570465938	cosine	24.0	12.0	18.0	0.17987750016531512	0.10907841091363718
-0.39775473800921074	cosine	24.0	12.0	9.0	0.21319176868101397	0.07221183733783956
0.47753133936230346	cosine	24.0	21.0	0.0	0.17378823796322213	0.11707097859576515
-1.1809980016201493	cosine	24.0	18.0	15.0	0.34168057527329326	0.009663826561076
0.02280578759282807	cosine	24.0	21.0	12.0	0.398665801992157	0.003173715485591541
0.3698115166360584	cosine	24.0	12.0	6.0	0.19411635536525468	0.09193660660926267
-1.194810310028306	cosine	24.0	0.0	18.0	0.26572788879963366	0.03444220575113408
-0.380467018554896	cosine	24.0	0.0	21.0	0.1589977496259266	0.13818700065494172
0.7717261135796978	cosine	24.0	3.0	6.0	0.24868087536123548	0.04433336645633893
0.4938497715614971	cosine	24.0	3.0	0.0	0.32291397248399234	0.01352921307913464
0.636763377494016	cosine	24.0	15.0	12.0	0.2891143329235558	0.023892184636934675
0.9228003543585817	cosine	24.0	15.0	12.0	0.2140197009953595	0.07143562183788349
-1.213468481990429	cosine	24.0	12.0	15.0	0.24405755376663804	0.047378451921575866
-0.7428709570345562	cosine	24.0	12.0	9.0	0.23563300748954177	0.05335627493079011
-0.6191059066838052	cosine	24.0	0.0	18.0	0.40597316344388473	0.002723822944538488
1.435010534619407	cosine	24.0	12.0	0.0	0.26572788879963366	0.03444220575113408
-0.1637322178877656	cosine	24.0	9.0	3.0	0.33468582788240425	0.010974068511825539
-0.8993235642827879	cosine	24.0	6.0	3.0	0.30806735305944094	0.01747083493063007
-0.8525511853745248	cosine	24.0	12.0	18.0	0.40472437537195904	0.0027963746112879334
1.0216398503368824	cosine	24.0	0.0	6.0	0.4239353819843787	0.0018523572427097904
0.6275610864508044	cosine	24.0	12.0	9.0	0.1608288781277825	0.13544029453589856
1.4241527621910375	cosine	24.0	0.0	21.0	0.11462628461404012	0.21630498612695365
0.540630153782991	cosine	24.0	12.0	9.0	0.23563300748954177	0.05335627493079011
0.015820753175059217	cosine	24.0	0.0	21.0	0.1885787263005176	0.09834961988888624
2.1058566821071962	cosine	24.0	0.0	3.0	0.26352749478578685	0.03560678181850737
0.32645148181443745	cosine	24.0	21.0	0.0	0.4400170280345411	0.0012961112381875797
0.14790945143399575	cosine	24.0	3.0	0.0	0.3377605919085437	0.010380190257282039
0.7417772881077478	cosine	24.0	6.0	3.0	0.30064404334716527	0.019784814684414773
0.8987728831730234	cosine	24.0	3.0	6.0	0.3526072113330951	0.00789022129915346
0.1004200098326867	cosine	24.0	15.0	6.0	0.3451839016208194	0.009060553512911972
-0.5598766707676008	cosine	24.0	9.0	6.0	0.28689034348968306	0.024761821716796587
0.4108745766631753	cosine	24.0	9.0	6.0	0.4359242881596483	0.0014209342667879036
-1.1864790255981668	cosine	24.0	21.0	18.0	0.18057877962865393	0.10818374624007071
-0.4666907521401422	cosine	24.0	21.0	18.0	0.30848874853228375	0.01734671524348048
0.6107222886005839	cosine	24.0	3.0	6.0	0.32291397248399234	0.01352921307913464
0.015207306226302803	cosine	24.0	12.0	15.0	0.12390614268152392	0.1981456709240792
0.2195145922634046	cosine	24.0	6.0	9.0	0.3017937379566796	0.019410252116110444
-1.128065988036615	cosine	24.0	21.0	18.0	0.27086816944298087	0.031843296004397496
-1.1712612268904765	cosine	24.0	3.0	9.0	0.26774866230592337	0.033400440030095055
-1.2316487234854097	cosine	24.0	9.0	6.0	0.42847259092615003	0.0016767372840877186
0.226763943112957	cosine	24.0	12.0	9.0	0.13838763931925468	0.17171651217030293
1.9498277081499862	cosine	24.0	6.0	3.0	0.16702446852620292	0.12642548136726045
-1.0940138553237335	cosine	24.0	0.0	3.0	0.20414101708758137	0.08112374916958642
-0.7852382766220675	cosine	24.0	21.0	0.0	0.19597397046916537	0.08985625322931617
-0.38114526352793887	cosine	24.0	18.0	21.0	0.27086816944298087	0.031843296004397496
0.08307081500344474	cosine	24.0	12.0	6.0	0.23891243737262113	0.050961859814427864
-1.3105568062701618	cosine	24.0	12.0	9.0	0.22815259455336584	0.059151522051165605
-0.058457895986763805	cosine	24.0	3.0	6.0	0.2709508044980625	0.03180287707901677
-0.9330196800741521	cosine	24.0	21.0	12.0	0.4433759853931466	0.001201248967956901
0.7322626153369765	cosine	24.0	15.0	18.0	0.17647238503126134	0.1134981303078686
0.20647460428710318	cosine	24.0	9.0	6.0	0.17511488498720915	0.11529525052334588
1.0557167874708557	cosine	24.0	3.0	9.0	0.34956075356606664	0.008353384938283085
0.44110996908822186	cosine	24.0	9.0	21.0	0.37487714046992215	0.0051377970621272195
0.39971761209118	cosine	24.0	15.0	12.0	0.25156701695945766	0.04251378781533029
-0.5861508431351902	cosine	24.0	15.0	12.0	0.1914913114169006	0.09493692298572759
-0.9455422640107849	cosine	24.0	15.0	18.0	0.19900077460972024	0.08654178804169727
-0.25519415983027327	cosine	24.0	18.0	9.0	0.2561041850735112	0.03977585423405737
-1.2907281055005324	cosine	24.0	0.0	3.0	0.13733122967710018	0.17356475677209343
0.18802960063394275	cosine	24.0	6.0	18.0	0.17782168978975488	0.11173174279715575
-0.7576696909891605	cosine	24.0	6.0	9.0	0.16021149052021263	0.13636216882002333
-0.8518355613641643	cosine	24.0	21.0	12.0	0.19746997668770394	0.08820646422125328
-0.14372861635238252	cosine	24.0	18.0	0.0	0.26572788879963366	0.03444220575113408
0.14843715203887964	cosine	24.0	18.0	12.0	0.23234177104686538	0.055848093948642805
0.023467208067605924	cosine	24.0	9.0	12.0	0.35531961446835664	0.007497010747590814
-0.4200021795135314	cosine	24.0	15.0	18.0	0.22903862738099875	0.05844034568396187
0.4220131168412011	cosine	24.0	9.0	12.0	0.12342681344690283	0.19906049418466365
-0.2299754009286025	cosine	24.0	6.0	3.0	0.15217784910165155	0.14874946071331063
0.41401259183858463	cosine	24.0	21.0	6.0	0.2857974239226139	0.02519881865604328
-0.15308625599607892	cosine	24.0	15.0	12.0	0.40926574400866994	0.002540607755278459
-1.9204123310168855	cosine	24.0	18.0	15.0	0.22903862738099875	0.05844034568396187
0.8754070111947027	cosine	24.0	21.0	0.0	0.21076445880646086	0.0745247925817003
1.5155196356104352	cosine	24.0	18.0	21.0	0.2633440536251203	0.03570531001355481
0.19378573715640748	cosine	24.0	0.0	18.0	0.45764247515492457	0.0008650668306068227
0.5757636920717614	cosine	24.0	18.0	21.0	0.23324759035367798	0.05515330692798147
-1.7255128558408523	cosine	24.0	21.0	18.0	0.20315112708223565	0.08214673110717585
-0.9937018307675882	cosine	24.0	6.0	9.0	0.21237337115470045	0.07298545049751572
-1.1553509111281954	cosine	24.0	9.0	18.0	0.19671770737530567	0.08903321910476264
1.1582971282643584	cosine	24.0	21.0	3.0	0.2731092190440679	0.030762062328506853
0.46954928936782475	cosine	24.0	0.0	3.0	0.30806735305944094	0.01747083493063007
0.23592909378770688	cosine	24.0	6.0	9.0	0.31669713242367614	0.015075032280515356
0.2665765516675964	cosine	24.0	0.0	21.0	0.24034543548105186	0.04994280222373064
0.4031773577411027	cosine	24.0	0.0	3.0	0.20414101708758137	0.08112374916958642
0.18251488661788626	cosine	24.0	15.0	0.0	0.2699264121556429	0.03230693818080994
-1.0658695704074377	cosine	24.0	18.0	0.0	0.26572788879963366	0.03444220575113408
0.39475239084393576	cosine	24.0	12.0	9.0	0.1608288781277825	0.13544029453589856
-0.06807819570296798	cosine	24.0	12.0	15.0	0.469341449551227	0.0006565102309762688
-0.4937585622352412	cosine	24.0	12.0	9.0	0.317917549787477	0.014760129652761701
-1.1348381812565254	cosine	24.0	21.0	0.0	0.29950738883023387	0.02016114215609676
0.35335654459314486	cosine	24.0	21.0	0.0	0.17378823796322213	0.11707097859576515
0.5744406943898934	cosine	24.0	21.0	0.0	0.1885787263005176	0.09834961988888624
-0.5438956336149872	cosine	24.0	6.0	15.0	0.15960115881392725	0.1372777177333498
2.2243186455346495	cosine	24.0	15.0	9.0	0.23891243737262113	0.050961859814427864
-0.42026523993005116	cosine	24.0	12.0	15.0	0.2816048697307362	0.026935575910470858
-0.46827128114520844	cosine	24.0	3.0	6.0	0.20414101708758137	0.08112374916958642
0.7500903944709163	cosine	24.0	0.0	3.0	0.36003052104537075	0.00685497779106477
1.4338055455064707	cosine	24.0	6.0	15.0	0.3526072113330951	0.00789022129915346
-0.06854029563974919	cosine	24.0	18.0	3.0	0.3290883655048249	0.012131343131205926
-0.3140538783699845	cosine	24.0	9.0	6.0	0.19746997668770394	0.08820646422125328
-0.8906738880037438	cosine	24.0	9.0	12.0	0.36280002740453254	0.006500636034123981
-0.8525415559506064	cosine	24.0	9.0	15.0	0.3583686560589317	0.007075698844899728
-0.32914204893179894	cosine	24.0	0.0	3.0	0.36003052104537075	0.00685497779106477
-0.5972515356027905	cosine	24.0	21.0	18.0	0.2558199378072597	0.039943065844359166
-0.27374407703549164	cosine	24.0	12.0	15.0	0.15394399545280243	0.1459636853800239
2.3450452395316557	cosine	24.0	9.0	18.0	0.37487714046992215	0.0051377970621272195
-0.6726278229626347	cosine	24.0	21.0	18.0	0.2558199378072597	0.039943065844359166
-0.9037692304880406	cosine	24.0	15.0	12.0	0.16145345864562208	0.13451203512311516
-0.6145398219098597	cosine	24.0	21.0	6.0	0.39714706960674917	0.0032752197042900965
0.6561970951694983	cosine	24.0	18.0	12.0	0.3972294795317376	0.0032696378165009638
0.24796554205961596	cosine	24.0	6.0	3.0	0.21898763651213274	0.06691183000253088
0.20615153186469845	cosine	24.0	6.0	9.0	0.2943420407231813	0.021948655444004782
1.3862043533367794	cosine	24.0	0.0	21.0	0.21076445880646086	0.0745247925817003
-1.973186337922802	cosine	24.0	12.0	3.0	0.3290883655048249	0.012131343131205926
-0.03140031154582648	cosine	24.0	3.0	0.0	0.30064404334716527	0.019784814684414773
-0.3880986359305244	cosine	24.0	18.0	21.0	0.2257234745358174	0.061136095767155875
0.586259492626735	cosine	24.0	6.0	3.0	0.5604598832768143	6.229433038136732e-05
-0.15855155815595987	cosine	24.0	21.0	18.0	0.3461093276215867	0.008906808161730659
-1.0102024254140218	cosine	24.0	3.0	0.0	0.2783741142103382	0.0283411053804827
-0.7805051754839276	cosine	24.0	3.0	0.0	0.26352749478578685	0.03560678181850737
0.11710818677516119	cosine	24.0	15.0	18.0	0.2816048697307362	0.026935575910470858
-1.0409303466058135	cosine	24.0	0.0	12.0	0.30263454002180495	0.019140153805216078
-0.37687846084921917	cosine	24.0	9.0	18.0	0.21898763651213274	0.06691183000253088
-0.10790450802622684	cosine	24.0	3.0	6.0	0.30806735305944094	0.01747083493063007
0.13728292761958788	cosine	24.0	6.0	3.0	0.19671770737530567	0.08903321910476264
-0.9419137936321622	cosine	24.0	21.0	18.0	0.3686816750751684	0.00580139155636977
-1.2038632932674933	cosine	24.0	3.0	0.0	0.17444777823847862	0.11618577088949705
-0.9758195232033736	cosine	24.0	3.0	6.0	0.20414101708758137	0.08112374916958642
-0.6903523554204237	cosine	24.0	18.0	12.0	0.23983666688708685	0.050302729438385485
-0.8647097392016967	cosine	24.0	9.0	12.0	0.21319176868101397	0.07221183733783956
0.6343650684561408	cosine	24.0	6.0	21.0	0.32291397248399234	0.01352921307913464
-0.033905306983380755	cosine	24.0	15.0	12.0	0.1914913114169006	0.09493692298572759
1.33263947888591	cosine	24.0	9.0	18.0	0.37487714046992215	0.0051377970621272195
-0.27085147372157575	cosine	24.0	3.0	12.0	0.33648360967347263	0.010623344634627566
-1.733749987146768	cosine	24.0	3.0	0.0	0.15217784910165155	0.14874946071331063
-0.7186382372494112	cosine	24.0	18.0	9.0	0.2857974239226139	0.02519881865604328
-1.1022235282413613	cosine	24.0	6.0	3.0	0.17444777823847862	0.11618577088949705
-0.6313134833564198	cosine	24.0	0.0	6.0	0.32724836504057303	0.012534194594043507
1.2690163400944545	cosine	24.0	18.0	6.0	0.35564337957950976	0.007451248204126172
1.467294416182972	cosine	24.0	6.0	15.0	0.2783741142103382	0.0283411053804827
0.5542869188701992	cosine	24.0	12.0	9.0	0.19823094280866213	0.08737598727842949
0.007724347131984923	cosine	24.0	3.0	0.0	0.2932207336348896	0.022353887279688553
-1.2046132740411375	cosine	24.0	9.0	3.0	0.23056134809676734	0.057233835382467506
1.9956292680536238	cosine	24.0	3.0	6.0	0.30806735305944094	0.01747083493063007
-0.24027025123582843	cosine	24.0	21.0	9.0	0.47138016672950606	0.0006253118123086274
-0.09054841217853819	cosine	24.0	6.0	9.0	0.3092454351901779	0.01712572740233685
-0.788707215264362	cosine	24.0	9.0	21.0	0.3897237598944735	0.0038145915220834077
-0.5174571598253053	cosine	24.0	9.0	6.0	0.2421801600886935	0.04866185976418303
-0.3698330985335808	cosine	24.0	12.0	9.0	0.3253979627236529	0.012950952528887621
-0.5228016392232048	cosine	24.0	12.0	3.0	0.21076445880646086	0.0745247925817003
-0.835006644315885	cosine	24.0	12.0	9.0	0.33287837565982886	0.011336791543103485
-0.6357649678380791	cosine	24.0	18.0	21.0	0.1504823163572116	0.15145707876053838
0.2502748974138405	cosine	24.0	15.0	18.0	0.2891143329235558	0.023892184636934675
-0.7761582248034381	cosine	24.0	3.0	18.0	0.3069026329988816	0.017817847893956983
0.25123555252710134	cosine	24.0	0.0	3.0	0.21898763651213274	0.06691183000253088
2.2398980006106557	cosine	24.0	3.0	6.0	0.30806735305944094	0.01747083493063007
-1.3073404540942049	cosine	24.0	12.0	21.0	0.2943420407231813	0.021948655444004782
-1.563421089927811	cosine	24.0	6.0	3.0	0.19671770737530567	0.08903321910476264
-0.1273950836717176	cosine	24.0	15.0	0.0	0.3069026329988816	0.017817847893956983
-0.3334745071376692	cosine	24.0	12.0	15.0	0.24405755376663804	0.047378451921575866
0.08707036233353235	cosine	24.0	0.0	15.0	0.4326217838658934	0.0015295535381500524
1.8704699712434678	cosine	24.0	9.0	6.0	0.17511488498720915	0.11529525052334588
-0.8301773993239715	cosine	24.0	6.0	9.0	0.21237337115470045	0.07298545049751572
0.9909331794814992	cosine	24.0	9.0	12.0	0.31043713685130103	0.016782574144907064
-0.6599507431244123	cosine	24.0	15.0	18.0	0.2891143329235558	0.023892184636934675
-1.682546788264684	cosine	24.0	9.0	6.0	0.1676631877537109	0.12552046793508637
-1.7122435452911808	cosine	24.0	21.0	15.0	0.1907505298724862	0.09579651477177781
-2.7858058810850124	cosine	24.0	9.0	12.0	0.18327011693631026	0.10479929422810885
-0.9375916164924516	cosine	24.0	15.0	12.0	0.4017562808158503	0.002975859456052734
-5.242164113559595e-05	cosine	24.0	0.0	21.0	0.2699264121556429	0.03230693818080994
-1.338673864443523	cosine	24.0	15.0	18.0	0.16145345864562208	0.13451203512311516
1.9589746798318417	cosine	24.0	12.0	15.0	0.3041332593091951	0.01866662856252859
2.1913784964605196	cosine	24.0	0.0	18.0	0.21405857708859377	0.07139933215686703
0.4225397526843553	cosine	24.0	15.0	18.0	0.2140197009953595	0.07143562183788349
-1.2026358156231949	cosine	24.0	21.0	18.0	0.21819935871795682	0.06761446149507122
-1.4343781500181447	cosine	24.0	3.0	0.0	0.21898763651213274	0.06691183000253088
-0.5096488669642054	cosine	24.0	18.0	15.0	0.20651023780253988	0.07871439991892487
0.13522412347206345	cosine	24.0	0.0	6.0	0.4016229934588851	0.0029841578270689
0.5297293389494996	cosine	24.0	3.0	6.0	0.1818710879507543	0.10654892958100276
-1.4945657291439982	cosine	24.0	15.0	6.0	0.2932207336348896	0.022353887279688553
-0.8609176158608473	cosine	24.0	3.0	6.0	0.37487714046992215	0.0051377970621272195
-0.9907411264364714	cosine	24.0	15.0	9.0	0.32850460138735404	0.012257919988595213
0.17524274438180007	cosine	24.0	12.0	15.0	0.22903862738099875	0.05844034568396187
-0.0008462852292425324	cosine	24.0	9.0	6.0	0.2943420407231813	0.021948655444004782
0.31113475217989484	cosine	24.0	18.0	21.0	0.3837299067108896	0.004306804500442138
-0.07908301260316011	cosine	24.0	18.0	15.0	0.34919003846611285	0.0084113441669734
0.9994003760658025	cosine	24.0	3.0	0.0	0.24868087536123548	0.04433336645633893
-0.12425600337591898	cosine	24.0	0.0	3.0	0.30806735305944094	0.01747083493063007
-0.6630385692343493	cosine	24.0	6.0	9.0	0.10804960988572479	0.22973821551490692
-0.20279072376451868	cosine	24.0	3.0	18.0	0.4104360513599501	0.0024782190637700975
-0.7403088533138855	cosine	24.0	12.0	9.0	0.21319176868101397	0.07221183733783956
0.04563450670058595	cosine	24.0	21.0	15.0	0.4301237438301159	0.0016166864665646073
0.9672731300064316	cosine	24.0	18.0	15.0	0.17647238503126134	0.1134981303078686
-1.066431402191828	cosine	24.0	9.0	6.0	0.24963185732219176	0.04372700742698232
1.441271612339603	cosine	24.0	15.0	18.0	0.36420896485175214	0.006326666384439039
-0.8035350603953775	cosine	24.0	9.0	0.0	0.34387885384212036	0.009281315096840078
-1.9595303968097924	cosine	24.0	6.0	9.0	0.37631071029166224	0.0049942265676904355
2.0287753687719263	cosine	24.0	15.0	0.0	0.38825031885400685	0.003930673389220724
-0.5108453953991754	cosine	24.0	12.0	18.0	0.2773111460881942	0.028816684834412243
-0.6803801059735851	cosine	24.0	3.0	6.0	0.24125756564895978	0.04930266217726652
0.7569479269571459	cosine	24.0	12.0	21.0	0.2049216739212022	0.08032379819344765
-1.3359779132521261	cosine	24.0	9.0	3.0	0.38674806777522264	0.004052272995904978
-1.1355280636565945	cosine	24.0	15.0	21.0	0.2206721816171899	0.0654292553875976
-0.16836314778385522	cosine	24.0	0.0	21.0	0.28471690049293835	0.0256371939762934
-0.484675260253564	cosine	24.0	15.0	9.0	0.40316473806629816	0.002889432401796725
0.34953219349387954	cosine	24.0	18.0	15.0	0.31915218569483433	0.014447331991700058
-0.8903891185716234	cosine	24.0	21.0	18.0	0.4063022541644713	0.0027049886032067413
1.8315067642706213	cosine	24.0	21.0	18.0	0.35363344343944725	0.0077393670907879575
1.4591513981017021	cosine	24.0	6.0	0.0	0.37931060493339147	0.0047052989719750865
-0.5869536730307983	cosine	24.0	12.0	15.0	0.16145345864562208	0.13451203512311516
-0.6379174266175675	cosine	24.0	18.0	21.0	0.09781350563218753	0.2515459716285492
-0.2938226904932363	cosine	24.0	21.0	18.0	0.4138263699823319	0.0023052253400172936
0.28939404111229244	cosine	24.0	15.0	21.0	0.317917549787477	0.014760129652761701
-2.1620232983166443	cosine	24.0	0.0	6.0	0.1710616453621177	0.12078118127288895
0.28929534617815034	cosine	24.0	21.0	18.0	0.18057877962865393	0.10818374624007071
-2.276362066856595	cosine	24.0	3.0	0.0	0.2561041850735112	0.03977585423405737
0.5801581638065687	cosine	24.0	0.0	12.0	0.3173972005106735	0.014893695995628085
0.2059457688145522	cosine	24.0	0.0	9.0	0.38825031885400685	0.003930673389220724
-1.2890888373393292	cosine	24.0	15.0	12.0	0.42428467039430917	0.0018382656628527076
0.9756947106021555	cosine	24.0	18.0	15.0	0.2590764801522773	0.03806123580744964
0.05817254116028722	cosine	24.0	18.0	6.0	0.21486787516262046	0.07064708552569052
0.5868757785602615	cosine	24.0	6.0	21.0	0.2857974239226139	0.02519881865604328
-0.7342898412051716	cosine	24.0	0.0	3.0	0.20414101708758137	0.08112374916958642
-1.0984947937916543	cosine	24.0	3.0	0.0	0.3377605919085437	0.010380190257282039
0.2881180427367675	cosine	24.0	3.0	12.0	0.2625311679869951	0.03614461188618968
0.17485423460558772	cosine	24.0	21.0	18.0	0.2633440536251203	0.03570531001355481
-1.8348959421960416	cosine	24.0	18.0	15.0	0.13892506906716318	0.17078109313035117
-0.417355771791575	cosine	24.0	6.0	3.0	0.330337282196268	0.011864341762666228
0.32586961582171065	cosine	24.0	18.0	0.0	0.26572788879963366	0.03444220575113408
-0.3247676164804846	cosine	24.0	21.0	3.0	0.30263454002180495	0.019140153805216078
-1.2189154037553318	cosine	24.0	0.0	3.0	0.2264109462244084	0.060569228522496806
-2.490807725981166	cosine	24.0	18.0	9.0	0.39714706960674917	0.0032752197042900965
1.6265022422870146	cosine	24.0	0.0	3.0	0.18929439766303	0.09750285144846599
0.7447879240231698	cosine	24.0	0.0	18.0	0.19929591659972523	0.08622355226943118
1.1158417839328159	cosine	24.0	0.0	6.0	0.22312388525493615	0.06331718635548518
0.2640071638493809	cosine	24.0	9.0	12.0	0.1608288781277825	0.13544029453589856
-1.3238370116199683	cosine	24.0	3.0	6.0	0.2338342559366841	0.05470697449766232
0.09463428342713537	cosine	24.0	9.0	21.0	0.24125756564895978	0.04930266217726652
-1.8964360536130949	cosine	24.0	9.0	6.0	0.21982506838819874	0.06617158668631351
1.239973286361071	cosine	24.0	15.0	12.0	0.12390614268152392	0.1981456709240792
-0.578068061009666	cosine	24.0	21.0	18.0	0.20315112708223565	0.08214673110717585
-1.8750037406554343	cosine	24.0	21.0	12.0	0.42847259092615003	0.0016767372840877186
-0.6680719347287538	cosine	24.0	12.0	3.0	0.33648360967347263	0.010623344634627566
1.4526251784150346	cosine	24.0	9.0	6.0	0.2943420407231813	0.021948655444004782
-1.8822689334126175	cosine	24.0	0.0	18.0	0.3173972005106735	0.014893695995628085
-1.7442391477647798	cosine	24.0	3.0	21.0	0.28049054928850214	0.02741363646522646
1.591899693902851	cosine	24.0	3.0	0.0	0.26352749478578685	0.03560678181850737
-0.02014523929175315	cosine	24.0	12.0	9.0	0.3029567239151251	0.019037505968002938
-0.05137231493545818	cosine	24.0	18.0	0.0	0.2731092190440679	0.030762062328506853
-2.168624916872488	cosine	24.0	0.0	6.0	0.1487492568366241	0.154258285657701
0.9967670782484594	cosine	24.0	15.0	12.0	0.15394399545280243	0.1459636853800239
0.433904135295838	cosine	24.0	3.0	6.0	0.1818710879507543	0.10654892958100276
0.9615286502527168	cosine	24.0	12.0	9.0	0.08602474876602319	0.2779552147225487
0.43483729631954354	cosine	24.0	15.0	9.0	0.3509026423910373	0.008146509643390648
-0.960841617952409	cosine	24.0	6.0	0.0	0.32724836504057303	0.012534194594043507
-1.3986294839599995	cosine	24.0	9.0	0.0	0.24034543548105186	0.04994280222373064
-0.2575302075670571	cosine	24.0	9.0	15.0	0.11945621868631057	0.20673596440309705
0.7859334311756645	cosine	24.0	6.0	15.0	0.20414101708758137	0.08112374916958642
-0.7408511836421652	cosine	24.0	6.0	3.0	0.330337282196268	0.011864341762666228
-0.57208234399059	cosine	24.0	6.0	3.0	0.330337282196268	0.011864341762666228
-0.08047201262974711	cosine	24.0	6.0	9.0	0.27198694902268655	0.031299660183120276
-0.4201973060489178	cosine	24.0	15.0	12.0	0.24405755376663804	0.047378451921575866
1.2675141393731781	cosine	24.0	21.0	15.0	0.317917549787477	0.014760129652761701
0.2453611065280122	cosine	24.0	21.0	18.0	0.20315112708223565	0.08214673110717585
-1.0774417635816136	cosine	24.0	6.0	0.0	0.23056134809676734	0.057233835382467506
1.4996927677407732	cosine	24.0	6.0	9.0	0.19001827945420569	0.09665182047357779
0.34142342710537027	cosine	24.0	18.0	15.0	0.20651023780253988	0.07871439991892487
0.9003412352091692	cosine	24.0	6.0	9.0	0.4210208936926518	0.0019738220182525293
0.13895855272694072	cosine	24.0	3.0	0.0	0.18929439766303	0.09750285144846599
-1.1830953400531738	cosine	24.0	15.0	12.0	0.14643453225998282	0.15805277010113494
0.05580290940527854	cosine	24.0	9.0	0.0	0.34387885384212036	0.009281315096840078
-1.1038752420814126	cosine	24.0	18.0	15.0	0.20651023780253988	0.07871439991892487
0.5264613574966067	cosine	24.0	9.0	12.0	0.34035878859600477	0.009900396537324115
-0.34015665777561904	cosine	24.0	3.0	12.0	0.49178373721507534	0.00038028580688547706
1.0189441080216435	cosine	24.0	12.0	15.0	0.13141560587434356	0.18414709071421098
1.8033203570248186	cosine	24.0	9.0	18.0	0.2264109462244084	0.060569228522496806
0.2783674016940689	cosine	24.0	9.0	12.0	0.34035878859600477	0.009900396537324115
0.08856443259023578	cosine	24.0	18.0	21.0	0.18810289544651448	0.09891558665411498
-0.09525292759633341	cosine	24.0	6.0	3.0	0.3674538307576464	0.00594159154192835
-0.9567435923986712	cosine	24.0	9.0	15.0	0.4330287927378758	0.001515769646493836
0.07208261492217395	cosine	24.0	9.0	0.0	0.20336921463781313	0.08192052243423542
0.007455634095509968	cosine	24.0	0.0	21.0	0.3069026329988816	0.017817847893956983
0.09974848660630815	cosine	24.0	21.0	0.0	0.17378823796322213	0.11707097859576515
-0.49106891755602	cosine	24.0	0.0	9.0	0.2551359238183474	0.04034778682105685
-0.46720287382414716	cosine	24.0	6.0	3.0	0.12248461025254881	0.20086613625359467
-0.721247969318585	cosine	24.0	3.0	6.0	0.2561041850735112	0.03977585423405737
-0.12236403987000946	cosine	24.0	12.0	18.0	0.3522601044904088	0.007941827497483006
-1.1123468865276358	cosine	24.0	3.0	21.0	0.26572788879963366	0.03444220575113408
-0.7968959998341082	cosine	24.0	6.0	12.0	0.2090483827010435	0.07619384796207052
-1.2878956544978144	cosine	24.0	18.0	15.0	0.14643453225998282	0.15805277010113494
0.8679432748626802	cosine	24.0	3.0	15.0	0.19191458635529096	0.09444831922890234
-1.3547454957772576	cosine	24.0	12.0	9.0	0.3478392015321807	0.008625537378454924
1.2806499434174543	cosine	24.0	15.0	3.0	0.37644784246614765	0.004980681982243198
1.5533614905274136	cosine	24.0	15.0	18.0	0.14643453225998282	0.15805277010113494
0.01866353740816411	cosine	24.0	21.0	18.0	0.27086816944298087	0.031843296004397496
0.048790780749906656	cosine	24.0	15.0	9.0	0.11199020501841615	0.22163392775481056
-1.680403397336771	cosine	24.0	12.0	15.0	0.26658594334509694	0.03399663812377356
-0.8937174871127698	cosine	24.0	21.0	15.0	0.3029567239151251	0.019037505968002938
-1.09803369280799	cosine	24.0	21.0	15.0	0.17578970400013433	0.11439938205227845
0.4436841116849658	cosine	24.0	9.0	0.0	0.2699264121556429	0.03230693818080994
0.1782472464351077	cosine	24.0	18.0	12.0	0.5096529171350596	0.00024233257194224332
1.1911827904737313	cosine	24.0	15.0	12.0	0.386737354430211	0.004053152147956198
-0.021962319093107883	cosine	24.0	0.0	3.0	0.19671770737530567	0.08903321910476264
-1.4751633978464995	cosine	24.0	21.0	18.0	0.30848874853228375	0.01734671524348048
-0.5320527773521205	cosine	24.0	21.0	0.0	0.19597397046916537	0.08985625322931617
0.12753957300984387	cosine	24.0	3.0	6.0	0.15217784910165155	0.14874946071331063
0.21415801330870649	cosine	24.0	12.0	9.0	0.20571135574483804	0.0795206783939611
-1.015529200569407	cosine	24.0	3.0	0.0	0.41941699874357624	0.0020437099756060832
-0.19708048204342257	cosine	24.0	21.0	12.0	0.3017937379566796	0.019410252116110444
-0.6511700443544425	cosine	24.0	0.0	21.0	0.46220276054048437	0.0007774237502962231
-0.6887967284250965	cosine	24.0	0.0	3.0	0.41199368903130057	0.0023973316316347427
0.5299780121036036	cosine	24.0	15.0	12.0	0.24405755376663804	0.047378451921575866
-1.7303111330747978	cosine	24.0	15.0	12.0	0.2140197009953595	0.07143562183788349
-1.850737708800802	cosine	24.0	18.0	15.0	0.13141560587434356	0.18414709071421098
1.0929049410297786	cosine	24.0	12.0	15.0	0.25156701695945766	0.04251378781533029
0.5791020537581516	cosine	24.0	12.0	6.0	0.15678628702578262	0.1415545250123827
-0.5549041177892925	cosine	24.0	21.0	0.0	0.1589977496259266	0.13818700065494172
1.002643449516861	cosine	24.0	0.0	15.0	0.22555494714375637	0.0612756889104502
0.2898545256916295	cosine	24.0	9.0	3.0	0.542934787453678	0.00010082526372674466
1.1402481111343727	cosine	24.0	21.0	18.0	0.43639871743591363	0.0014059223976720723
1.535979734334666	cosine	24.0	18.0	21.0	0.16553054799293276	0.12855996833004363
0.08195815214444686	cosine	24.0	21.0	0.0	0.20336921463781313	0.08192052243423542
-1.1785652478298865	cosine	24.0	21.0	12.0	0.3241488296571744	0.013239016787172118
0.05309250625756795	cosine	24.0	18.0	21.0	0.21819935871795682	0.06761446149507122
0.8316490296258634	cosine	24.0	0.0	3.0	0.2783741142103382	0.0283411053804827
1.3181652592774784	cosine	24.0	9.0	12.0	0.13838763931925468	0.17171651217030293
0.41613320227517836	cosine	24.0	0.0	3.0	0.2561041850735112	0.03977585423405737
-0.7391131516560348	cosine	24.0	12.0	21.0	0.4210208936926518	0.0019738220182525293
-0.3279065696071199	cosine	24.0	3.0	0.0	0.2857974239226139	0.02519881865604328
1.2265474479044973	cosine	24.0	18.0	15.0	0.34168057527329326	0.009663826561076
1.3355338818536835	cosine	24.0	9.0	12.0	0.2954763109789492	0.021545066942792488
0.2321460284461051	cosine	24.0	18.0	15.0	0.3116427225020147	0.016441424648025
-0.27777799565606565	cosine	24.0	15.0	9.0	0.2165143963689379	0.06913545510964812
1.50613119434508	cosine	24.0	15.0	18.0	0.2891143329235558	0.023892184636934675
1.233721818109867	cosine	24.0	21.0	18.0	0.31601286435014436	0.015254106285572607
0.4344984431260513	cosine	24.0	18.0	3.0	0.24034543548105186	0.04994280222373064
0.09027136924972766	cosine	24.0	12.0	15.0	0.31915218569483433	0.014447331991700058
1.4449572831128876	cosine	24.0	9.0	12.0	0.24311342042571768	0.04802044059311893
-0.10632419589627912	cosine	24.0	18.0	15.0	0.22903862738099875	0.05844034568396187
-0.6249666783840733	cosine	24.0	18.0	15.0	0.2365480905738184	0.052679346147498834
0.6970702655334509	cosine	24.0	15.0	9.0	0.09705817768262734	0.2531974127667501
0.08672695676101774	cosine	24.0	9.0	6.0	0.12295300435272132	0.19996727842991724
-1.7141311470311704	cosine	24.0	21.0	3.0	0.4207358239327533	0.0019860827842088013
-0.6400838280419447	cosine	24.0	18.0	6.0	0.3408249054303635	0.009816401210183704
1.7663776971275318	cosine	24.0	18.0	21.0	0.1504823163572116	0.15145707876053838
-0.7314552051641391	cosine	24.0	9.0	12.0	0.3253979627236529	0.012950952528887621
-0.2159916199420824	cosine	24.0	9.0	6.0	0.21237337115470045	0.07298545049751572
-1.173715831021639	cosine	24.0	18.0	12.0	0.1873723960055366	0.09978909481037329
-3.1707797862970906	cosine	24.0	6.0	9.0	0.24963185732219176	0.04372700742698232
0.28803554276083415	cosine	24.0	18.0	9.0	0.30806735305944094	0.01747083493063007
0.026049017001308804	cosine	24.0	12.0	15.0	0.2590764801522773	0.03806123580744964
-1.1230173558321568	cosine	24.0	12.0	9.0	0.35531961446835664	0.007497010747590814
-1.23526664181087	cosine	24.0	18.0	12.0	0.0824438542424361	0.2862369323461744
-0.5206091600641443	cosine	24.0	3.0	21.0	0.16977059562198815	0.12256654833167985
2.615824995331767	cosine	24.0	15.0	12.0	0.24405755376663804	0.047378451921575866
0.30886628501454594	cosine	24.0	18.0	15.0	0.19900077460972024	0.08654178804169727
-0.3611505468226785	cosine	24.0	3.0	0.0	0.2857974239226139	0.02519881865604328
-0.18075586284466555	cosine	24.0	0.0	21.0	0.15160250545727888	0.14966458474778954
-0.03708595561277048	cosine	24.0	9.0	15.0	0.2613104783763044	0.03681260452934408
-0.6829590917486829	cosine	24.0	0.0	6.0	0.39418553061705386	0.003481589939211225
0.5133218618340721	cosine	24.0	9.0	12.0	0.4002020920854122	0.0030739268367153947
-0.08801699499974021	cosine	24.0	3.0	15.0	0.35430385173284484	0.007642194440630212
-1.7356497753551858	cosine	24.0	15.0	6.0	0.18929439766303	0.09750285144846599
1.8615694999696555	cosine	24.0	3.0	6.0	0.24125756564895978	0.04930266217726652
-1.0987724605808946	cosine	24.0	6.0	3.0	0.17444777823847862	0.11618577088949705
-0.9532061968148593	cosine	24.0	15.0	18.0	0.2590764801522773	0.03806123580744964
1.6182756425924485	cosine	24.0	12.0	9.0	0.3927216791492363	0.0035878478178341827
-1.6962699547092845	cosine	24.0	18.0	15.0	0.4768509127440466	0.0005482321107874572
-0.2059102919435566	cosine	24.0	3.0	18.0	0.2625311679869951	0.03614461188618968
-0.2959706607479593	cosine	24.0	15.0	9.0	0.23891243737262113	0.050961859814427864
-0.35841168193758227	cosine	24.0	9.0	12.0	0.2505938333618936	0.043120464095440875
0.3931146642014194	cosine	24.0	9.0	3.0	0.26774866230592337	0.033400440030095055
0.5054386718629288	cosine	24.0	21.0	12.0	0.16021149052021263	0.13636216882002333
0.43872482006491975	cosine	24.0	9.0	3.0	0.17849910820394893	0.11085238011984289
0.6527454835794315	cosine	24.0	6.0	18.0	0.5186465952201184	0.0001921314939135438
0.11415988752802955	cosine	24.0	15.0	12.0	0.29662379611637546	0.021143176383724687
-0.09516266239412442	cosine	24.0	12.0	9.0	0.15334846519160655	0.14689908245619482
-0.16244526681115642	cosine	24.0	15.0	9.0	0.3658346697268261	0.006131062942941702
0.42103183810391137	cosine	24.0	12.0	15.0	0.34168057527329326	0.009663826561076
-2.416724348971958	cosine	24.0	12.0	9.0	0.28051548510659735	0.027402861731981906
0.7887284067624891	cosine	24.0	21.0	12.0	0.2645352517891883	0.03506947273840929
0.7542325944621991	cosine	24.0	0.0	3.0	0.31549066277171667	0.015391993660926931
-1.4091090542230231	cosine	24.0	3.0	0.0	0.21156432679985704	0.0737564416596048
-0.036481882558108386	cosine	24.0	12.0	21.0	0.33160052689067265	0.011599478395197028
-1.4309392956115494	cosine	24.0	0.0	12.0	0.30263454002180495	0.019140153805216078
0.5099809317231412	cosine	24.0	18.0	21.0	0.21819935871795682	0.06761446149507122
-1.2932648452463167	cosine	24.0	12.0	9.0	0.33287837565982886	0.011336791543103485
0.15189687667879295	cosine	24.0	9.0	12.0	0.3029567239151251	0.019037505968002938
0.6636630399229833	cosine	24.0	21.0	18.0	0.15800643217507218	0.13968972354679038
-1.5073266444931412	cosine	24.0	21.0	18.0	0.35363344343944725	0.0077393670907879575
-0.7225390847670841	cosine	24.0	18.0	21.0	0.2257234745358174	0.061136095767155875
-0.4516838096737604	cosine	24.0	9.0	12.0	0.1608288781277825	0.13544029453589856
-0.32113116647456064	cosine	24.0	15.0	18.0	0.2140197009953595	0.07143562183788349
-0.8687176565504544	cosine	24.0	3.0	6.0	0.330337282196268	0.011864341762666228
-0.7005432173485355	cosine	24.0	9.0	3.0	0.23056134809676734	0.057233835382467506
1.6615442066162465	cosine	24.0	18.0	15.0	0.31915218569483433	0.014447331991700058
0.2142185827586042	cosine	24.0	6.0	9.0	0.12295300435272132	0.19996727842991724
-1.6420862395698685	cosine	24.0	3.0	6.0	0.12248461025254881	0.20086613625359467
-0.7777677622852711	cosine	24.0	0.0	12.0	0.3395411912439763	0.010049245916082774
-1.011788429097297	cosine	24.0	9.0	6.0	0.227276765621697	0.05986116155126607
1.670306920513573	cosine	24.0	18.0	0.0	0.4354984844216218	0.001434531998309761
1.7895626919548446	cosine	24.0	3.0	0.0	0.47880347644178173	0.0005229199632550542
-0.08412560420994043	cosine	24.0	6.0	12.0	0.17171831436157145	0.11988014354567555
0.987693839519929	cosine	24.0	0.0	3.0	0.41199368903130057	0.0023973316316347427
-2.281176371048042	cosine	24.0	21.0	3.0	0.26572788879963366	0.03444220575113408
0.6108920033694258	cosine	24.0	15.0	12.0	0.3566995016589325	0.007303677061155208
1.0923247357136228	cosine	24.0	12.0	15.0	0.2140197009953595	0.07143562183788349
-0.7474758794274032	cosine	24.0	21.0	3.0	0.2509652283107651	0.042888118888463896
-1.3653595329202888	cosine	24.0	18.0	15.0	0.27409540653791653	0.03029598352690821
1.8099375483273927	cosine	24.0	3.0	21.0	0.1550079351331196	0.14430254111594104
0.16813637505087564	cosine	24.0	9.0	15.0	0.29864054671577644	0.02045220334565448
-0.8663543664220943	cosine	24.0	6.0	3.0	0.17444777823847862	0.11618577088949705
1.0795348229719879	cosine	24.0	0.0	18.0	0.21405857708859377	0.07139933215686703
-0.5175812834049257	cosine	24.0	3.0	6.0	0.2561041850735112	0.03977585423405737
-0.8372544154308238	cosine	24.0	6.0	3.0	0.30064404334716527	0.019784814684414773
-1.4193217272361287	cosine	24.0	9.0	6.0	0.21237337115470045	0.07298545049751572
0.4323929350287713	cosine	24.0	18.0	21.0	0.39877813834661074	0.003166321156986693
0.6296164721624972	cosine	24.0	18.0	15.0	0.17647238503126134	0.1134981303078686
-0.26135476073803876	cosine	24.0	6.0	12.0	0.5300869704205031	0.00014226978057988699
-1.68986565443769	cosine	24.0	0.0	9.0	0.24774067964969962	0.04493949144849353
-0.13831894620753304	cosine	24.0	0.0	18.0	0.39859183319945046	0.003178592823322213
-0.5427585172721668	cosine	24.0	3.0	0.0	0.2783741142103382	0.0283411053804827
-0.5104473540772254	cosine	24.0	6.0	9.0	0.11550130711922306	0.21455262536216446
-0.9099412176287925	cosine	24.0	0.0	6.0	0.20081149672944254	0.08460315962917975
-0.343948655551294	cosine	24.0	6.0	9.0	0.1453080960532161	0.15992129427517754
0.25778453989297057	cosine	24.0	12.0	15.0	0.26658594334509694	0.03399663812377356
-0.10429029082605976	cosine	24.0	18.0	15.0	0.42428467039430917	0.0018382656628527076
-0.25193952298361333	cosine	24.0	3.0	6.0	0.1818710879507543	0.10654892958100276
-1.204516881181624	cosine	24.0	12.0	9.0	0.17578970400013433	0.11439938205227845
0.8314336697674212	cosine	24.0	12.0	15.0	0.17647238503126134	0.1134981303078686
-1.7464498940343962	cosine	24.0	18.0	15.0	0.16145345864562208	0.13451203512311516
0.27963987196362916	cosine	24.0	12.0	9.0	0.21319176868101397	0.07221183733783956
0.7505608494368294	cosine	24.0	9.0	3.0	0.38674806777522264	0.004052272995904978
-2.4318479145340803	cosine	24.0	15.0	12.0	0.2816048697307362	0.026935575910470858
0.423735529747224	cosine	24.0	18.0	21.0	0.2783922852608415	0.028333032653019858
0.5426191209640616	cosine	24.0	18.0	21.0	0.19562701126437507	0.09024213396007019
0.831637237564927	cosine	24.0	21.0	18.0	0.2633440536251203	0.03570531001355481
-0.7643598964821673	cosine	24.0	9.0	12.0	0.22815259455336584	0.059151522051165605
0.1450673520811104	cosine	24.0	21.0	15.0	0.23563300748954177	0.05335627493079011
-0.931083726958028	cosine	24.0	0.0	6.0	0.1487492568366241	0.154258285657701
1.135043300570918	cosine	24.0	9.0	18.0	0.39714706960674917	0.0032752197042900965
0.11733726741549141	cosine	24.0	0.0	6.0	0.2603111994640922	0.03736692036454452
0.5419382327673552	cosine	24.0	12.0	3.0	0.29211214466158614	0.02276070879876716
-0.8595978256373034	cosine	24.0	21.0	0.0	0.5065742255523709	0.0002621592340258946
-0.3334471482987642	cosine	24.0	18.0	0.0	0.23620256782189655	0.052934139906380795
1.302002931048739	cosine	24.0	21.0	6.0	0.21156432679985704	0.0737564416596048
1.5486111411252081	cosine	24.0	9.0	21.0	0.2338342559366841	0.05470697449766232
0.4350370240759386	cosine	24.0	12.0	0.0	0.3690665122217134	0.00575805764378841
0.18927955625097992	cosine	24.0	18.0	6.0	0.2296863493117667	0.057924711811786225
1.1092842476281382	cosine	24.0	0.0	18.0	0.21405857708859377	0.07139933215686703
-0.5098159400408827	cosine	24.0	9.0	3.0	0.26774866230592337	0.033400440030095055
0.24895318481757522	cosine	24.0	21.0	9.0	0.21156432679985704	0.0737564416596048
0.870893886486072	cosine	24.0	0.0	9.0	0.33648360967347263	0.010623344634627566
-0.5640738632019489	cosine	24.0	15.0	12.0	0.1914913114169006	0.09493692298572759
-0.9249935827421311	cosine	24.0	15.0	18.0	0.22152916418817914	0.06468486429452701
1.355622806843609	cosine	24.0	6.0	3.0	0.12248461025254881	0.20086613625359467
0.665273833405636	cosine	24.0	9.0	12.0	0.1608288781277825	0.13544029453589856
-1.6638367463779846	cosine	24.0	18.0	15.0	0.26658594334509694	0.03399663812377356
0.03711728173114856	cosine	24.0	9.0	6.0	0.21237337115470045	0.07298545049751572
0.3745445092452581	cosine	24.0	9.0	3.0	0.21568642241310496	0.06989245255810622
0.763012314113121	cosine	24.0	6.0	3.0	0.1818710879507543	0.10654892958100276
0.40133858006697026	cosine	24.0	18.0	21.0	0.19562701126437507	0.09024213396007019
-0.15736620987861272	cosine	24.0	0.0	21.0	0.22555494714375637	0.0612756889104502
-1.1856228927293002	cosine	24.0	9.0	12.0	0.18327011693631026	0.10479929422810885
2.5527741993625646	cosine	24.0	9.0	3.0	0.37187314209156025	0.005450614642997061
-0.4214225613137959	cosine	24.0	18.0	21.0	0.3837299067108896	0.004306804500442138
1.1370888473111402	cosine	24.0	15.0	18.0	0.3041332593091951	0.01866662856252859
0.029098153012047726	cosine	24.0	6.0	3.0	0.3674538307576464	0.00594159154192835
0.751690799051341	cosine	24.0	15.0	18.0	0.22903862738099875	0.05844034568396187
1.493624573370357	cosine	24.0	12.0	15.0	0.22903862738099875	0.05844034568396187
2.237113263536744	cosine	24.0	12.0	18.0	0.3297754169697444	0.011983823411287356
-0.04002453278484528	cosine	24.0	18.0	12.0	0.3372703128099659	0.010472966073771602
-1.3238276070458561	cosine	24.0	3.0	6.0	0.2561041850735112	0.03977585423405737
-0.32671373911421236	cosine	24.0	0.0	21.0	0.19597397046916537	0.08985625322931617
1.0979338912814283	cosine	24.0	6.0	3.0	0.17444777823847862	0.11618577088949705
0.48899875812124666	cosine	24.0	12.0	9.0	0.1608288781277825	0.13544029453589856
1.2278280341559413	cosine	24.0	12.0	18.0	0.28480604192841563	0.025600788696373288
-0.6631263886813195	cosine	24.0	3.0	6.0	0.2932207336348896	0.022353887279688553
-1.4067754278234614	cosine	24.0	15.0	18.0	0.13141560587434356	0.18414709071421098
-0.10958795295033998	cosine	24.0	12.0	18.0	0.517147812975281	0.00019975920960465761
0.17677921693510634	cosine	24.0	18.0	15.0	0.3717184280445718	0.005467174495423315
1.0411618891886345	cosine	24.0	0.0	3.0	0.30064404334716527	0.019784814684414773
-1.335621807986207	cosine	24.0	12.0	3.0	0.18118348213186988	0.10741654185240362
0.5671286629771346	cosine	24.0	12.0	9.0	0.33287837565982886	0.011336791543103485
0.957579195182195	cosine	24.0	21.0	9.0	0.2932207336348896	0.022353887279688553
-0.30281969318137675	cosine	24.0	6.0	12.0	0.291174533047882	0.023109639719022
-2.457686266514888	cosine	24.0	6.0	9.0	0.3092454351901779	0.01712572740233685
0.33835517851578395	cosine	24.0	18.0	21.0	0.21067524290009623	0.0746108704887449
-0.41028257071372154	cosine	24.0	21.0	0.0	0.1885787263005176	0.09834961988888624
1.3999369031013178	cosine	24.0	18.0	15.0	0.27409540653791653	0.03029598352690821
-0.444884746603651	cosine	24.0	12.0	9.0	0.3478392015321807	0.008625537378454924
-0.7821926825439592	cosine	24.0	6.0	3.0	0.41941699874357624	0.0020437099756060832
1.121026014540098	cosine	24.0	18.0	21.0	0.2257234745358174	0.061136095767155875
0.33443313419985427	cosine	24.0	3.0	6.0	0.32291397248399234	0.01352921307913464
-0.4657251411034257	cosine	24.0	0.0	9.0	0.3069026329988816	0.017817847893956983
0.31188502110611666	cosine	24.0	15.0	12.0	0.25156701695945766	0.04251378781533029
0.17710273497981438	cosine	24.0	21.0	18.0	0.14295820053935102	0.16386560074610457
0.3645773296880371	cosine	24.0	18.0	15.0	0.20651023780253988	0.07871439991892487
0.936078475178262	cosine	24.0	21.0	0.0	0.1589977496259266	0.13818700065494172
-1.4922994509929772	cosine	24.0	6.0	9.0	0.19001827945420569	0.09665182047357779
1.1641420942932477	cosine	24.0	15.0	18.0	0.22903862738099875	0.05844034568396187
2.048561270701026	cosine	24.0	0.0	3.0	0.3674538307576464	0.00594159154192835
-0.7541234038672274	cosine	24.0	21.0	6.0	0.3823004501821978	0.004432269204779407
0.34025001682705297	cosine	24.0	9.0	12.0	0.3029567239151251	0.019037505968002938
0.4814345634043897	cosine	24.0	12.0	15.0	0.22152916418817914	0.06468486429452701
-0.24041890289131818	cosine	24.0	21.0	0.0	0.19597397046916537	0.08985625322931617
-0.9193432354957745	cosine	24.0	18.0	0.0	0.2583465585551994	0.03847661585264555
0.7311443047177983	cosine	24.0	9.0	12.0	0.23563300748954177	0.05335627493079011
-0.0019652684667040583	cosine	24.0	9.0	12.0	0.20571135574483804	0.0795206783939611
-0.46528381717793005	cosine	24.0	0.0	6.0	0.364435679249729	0.006299060954990374
0.9948648419883172	cosine	24.0	0.0	21.0	0.3069026329988816	0.017817847893956983
0.42431155157351086	cosine	24.0	3.0	6.0	0.24868087536123548	0.04433336645633893
-1.6559799914606674	cosine	24.0	21.0	3.0	0.4207358239327533	0.0019860827842088013
0.5146554305822729	cosine	24.0	21.0	0.0	0.1885787263005176	0.09834961988888624
-1.2645869918686359	cosine	24.0	12.0	18.0	0.23234177104686538	0.055848093948642805
0.32259899640591355	cosine	24.0	6.0	15.0	0.21898763651213274	0.06691183000253088
-1.9582315169440372	cosine	24.0	6.0	3.0	0.4045703793190249	0.002805441148677372
-0.7276751408258405	cosine	24.0	6.0	3.0	0.19671770737530567	0.08903321910476264
-0.9010457231077309	cosine	24.0	12.0	15.0	0.3341711120804736	0.011076319946854101
0.341122134166428	cosine	24.0	0.0	3.0	0.4416869278804033	0.0012481261625825624
-0.4337214877492195	cosine	24.0	21.0	18.0	0.3009646327144232	0.019679757062280118
1.5644633145955198	cosine	24.0	3.0	12.0	0.17378823796322213	0.11707097859576515
-0.6329152570584314	cosine	24.0	6.0	15.0	0.2338342559366841	0.05470697449766232
3.0084133825443935	cosine	24.0	3.0	21.0	0.23620256782189655	0.052934139906380795
-2.119953579193395	cosine	24.0	12.0	3.0	0.2551359238183474	0.04034778682105685
-1.3003615999214246	cosine	24.0	15.0	12.0	0.22152916418817914	0.06468486429452701
-0.8465980394816343	cosine	24.0	15.0	12.0	0.2140197009953595	0.07143562183788349
-0.3847250264087393	cosine	24.0	15.0	9.0	0.19411635536525468	0.09193660660926267
0.33272607228829165	cosine	24.0	12.0	15.0	0.4017562808158503	0.002975859456052734
1.0955866052291878	cosine	24.0	18.0	12.0	0.19486729184575807	0.09109137384214772
1.1757384936109636	cosine	24.0	0.0	6.0	0.1487492568366241	0.154258285657701
-0.4713567294156168	cosine	24.0	15.0	18.0	0.22903862738099875	0.05844034568396187
-0.1250054858337649	cosine	24.0	12.0	15.0	0.18398184822408098	0.10391722445107726
-0.19560602593678475	cosine	24.0	18.0	21.0	0.24077170617153856	0.0496428218829794
0.9616049810048759	cosine	24.0	3.0	0.0	0.2709508044980625	0.03180287707901677
-0.2866638961406851	cosine	24.0	21.0	18.0	0.46649518070735596	0.0007024729501357146
1.3773173968423547	cosine	24.0	6.0	9.0	0.2645352517891883	0.03506947273840929
-0.7741691925242636	cosine	24.0	3.0	6.0	0.1818710879507543	0.10654892958100276
0.27160846850854387	cosine	24.0	15.0	6.0	0.2783741142103382	0.0283411053804827
-1.7721823604830564	cosine	24.0	21.0	0.0	0.24774067964969962	0.04493949144849353
-1.0156907611180819	cosine	24.0	0.0	21.0	0.13681201711998336	0.1744777691802858
0.34749517699842397	cosine	24.0	6.0	9.0	0.3539556185911674	0.0076925343627084405
-1.3045791069494614	cosine	24.0	3.0	0.0	0.330337282196268	0.011864341762666228
0.3442415263699586	cosine	24.0	6.0	3.0	0.2264109462244084	0.060569228522496806
-1.3864792493323872	cosine	24.0	0.0	3.0	0.19671770737530567	0.08903321910476264
-1.0368838952931165	cosine	24.0	12.0	15.0	0.2140197009953595	0.07143562183788349
2.0583770794167915	cosine	24.0	15.0	9.0	0.455426833741559	0.0009108497988284421
-0.4965598688054238	cosine	24.0	12.0	3.0	0.21815970297510862	0.06764995867882109
-0.7860010055476505	cosine	24.0	15.0	18.0	0.34168057527329326	0.009663826561076
-0.26958469503760263	cosine	24.0	18.0	21.0	0.23324759035367798	0.05515330692798147
-0.1845163131128907	cosine	24.0	3.0	6.0	0.24868087536123548	0.04433336645633893
-0.10897751952798286	cosine	24.0	12.0	6.0	0.33597061505524844	0.010722413737643984
0.8110919289340925	cosine	24.0	21.0	0.0	0.1589977496259266	0.13818700065494172
-1.8890050720477876	cosine	24.0	12.0	6.0	0.23891243737262113	0.050961859814427864
-0.2164752893010416	cosine	24.0	15.0	18.0	0.27409540653791653	0.03029598352690821
0.521410477809154	cosine	24.0	0.0	9.0	0.45480751637183664	0.0009240395187704023
-0.96020181374021	cosine	24.0	9.0	12.0	0.46004539557481966	0.0008178129530211379
0.2984423753489232	cosine	24.0	3.0	6.0	0.2264109462244084	0.060569228522496806
-0.14054160995620343	cosine	24.0	0.0	21.0	0.2625311679869951	0.03614461188618968
1.5501255202402695	cosine	24.0	12.0	15.0	0.16896292183844172	0.12369283503412826
-0.07040215700526285	cosine	24.0	18.0	15.0	0.1914913114169006	0.09493692298572759
1.6312685888238878	cosine	24.0	18.0	3.0	0.2699264121556429	0.03230693818080994
0.8832774726174644	cosine	24.0	15.0	6.0	0.39714706960674917	0.0032752197042900965
-1.1890959741301674	cosine	24.0	9.0	6.0	0.2049216739212022	0.08032379819344765
-0.8088344992184845	cosine	24.0	9.0	21.0	0.24868087536123548	0.04433336645633893
0.3836041100178927	cosine	24.0	12.0	15.0	0.22903862738099875	0.05844034568396187
-0.44837572063520936	cosine	24.0	9.0	6.0	0.23472846285519525	0.05403216505640069
0.4189245171331972	cosine	24.0	6.0	15.0	0.18929439766303	0.09750285144846599
0.27353984019155453	cosine	24.0	21.0	0.0	0.29211214466158614	0.02276070879876716
0.28894983948284936	cosine	24.0	18.0	9.0	0.2338342559366841	0.05470697449766232
0.5496611870638538	cosine	24.0	21.0	0.0	0.14420726128863112	0.16176125330350544
0.8217498646996448	cosine	24.0	12.0	15.0	0.3041332593091951	0.01866662856252859
0.32335214178186555	cosine	24.0	0.0	21.0	0.24034543548105186	0.04994280222373064
-1.3107941897841715	cosine	24.0	0.0	6.0	0.18593657104578012	0.10152240598303947
0.5543359452079349	cosine	24.0	12.0	15.0	0.3116427225020147	0.016441424648025
0.04623349831107582	cosine	24.0	18.0	3.0	0.2699264121556429	0.03230693818080994
0.047169328099925585	cosine	24.0	21.0	15.0	0.23563300748954177	0.05335627493079011
-1.1382997047583425	cosine	24.0	0.0	18.0	0.23620256782189655	0.052934139906380795
-0.724843521987962	cosine	24.0	15.0	0.0	0.4843884930464276	0.00045636531009746786
1.1212961599515938	cosine	24.0	0.0	12.0	0.14762660488868534	0.15609104027542364
-0.7119403733330005	cosine	24.0	18.0	9.0	0.2857974239226139	0.02519881865604328
1.7750021274382988	cosine	24.0	15.0	18.0	0.19900077460972024	0.08654178804169727
-0.12138095060588043	cosine	24.0	6.0	15.0	0.31549066277171667	0.015391993660926931
-1.0038178093601065	cosine	24.0	12.0	3.0	0.22555494714375637	0.0612756889104502
-0.6856656847587462	cosine	24.0	21.0	15.0	0.46004539557481966	0.0008178129530211379
1.9977288313483732	cosine	24.0	0.0	6.0	0.38674806777522264	0.004052272995904978
2.2405320317653312	cosine	24.0	12.0	9.0	0.18327011693631026	0.10479929422810885
-0.983839394211792	cosine	24.0	0.0	3.0	0.2857974239226139	0.02519881865604328
-1.8072215734758916	cosine	24.0	18.0	12.0	0.20236218768597952	0.08296897952321058
0.6775341899635191	cosine	24.0	3.0	6.0	0.3897237598944735	0.0038145915220834077
1.8683836810456993	cosine	24.0	18.0	12.0	0.4122192712121805	0.0023858174116011964
1.4865056196405202	cosine	24.0	21.0	18.0	0.27086816944298087	0.031843296004397496
1.0369489912569978	cosine	24.0	6.0	12.0	0.2090483827010435	0.07619384796207052
0.7175725535020556	cosine	24.0	18.0	15.0	0.19900077460972024	0.08654178804169727
0.6649663189218409	cosine	24.0	3.0	21.0	0.2952532097773707	0.02162395005989455
-0.2890060417652294	cosine	24.0	6.0	15.0	0.30806735305944094	0.01747083493063007
-2.469346559464696	cosine	24.0	12.0	15.0	0.386737354430211	0.004053152147956198
1.989632398498354	cosine	24.0	0.0	3.0	0.3526072113330951	0.00789022129915346
0.029283997932811702	cosine	24.0	21.0	15.0	0.4974474602556993	0.00033017540441433025
2.735024734598899	cosine	24.0	18.0	15.0	0.2891143329235558	0.023892184636934675
0.21269488677256254	cosine	24.0	12.0	18.0	0.23983666688708685	0.050302729438385485
-1.2310479684837372	cosine	24.0	9.0	6.0	0.39121410475865875	0.003700313337904557
-0.5564429194621906	cosine	24.0	12.0	9.0	0.3702804403407085	0.005623241622001215
1.6862631159938228	cosine	24.0	3.0	0.0	0.3451839016208194	0.009060553512911972
-0.9904253682842187	cosine	24.0	21.0	18.0	0.13543408472149043	0.17691556091276012
1.6423951447484413	cosine	24.0	12.0	9.0	0.17578970400013433	0.11439938205227845
0.8061880839154252	cosine	24.0	0.0	6.0	0.4536852333517035	0.0009483890287940512
0.18935994165337877	cosine	24.0	6.0	9.0	0.3241488296571744	0.013239016787172118
-0.6090360588438813	cosine	24.0	15.0	12.0	0.16896292183844172	0.12369283503412826
0.4371412549577576	cosine	24.0	12.0	21.0	0.40611749922565527	0.002715547870623878
-1.316761555680633	cosine	24.0	21.0	3.0	0.17715192586642242	0.11260606365924808
1.643929478779082	cosine	24.0	3.0	9.0	0.20081149672944254	0.08460315962917975
0.4586828915817454	cosine	24.0	9.0	12.0	0.3029567239151251	0.019037505968002938
-0.0809890075655425	cosine	24.0	21.0	0.0	0.3586693421794159	0.0070353044355588755
1.4505702689551925	cosine	24.0	12.0	18.0	0.30729072944908004	0.017701572158703112
-2.1141861708813234	cosine	24.0	12.0	6.0	0.17918432802946585	0.10996794592401771
-1.5124780974946677	cosine	24.0	21.0	3.0	0.09595729317764548	0.25561454771501324
-0.5374040244319804	cosine	24.0	21.0	18.0	0.19562701126437507	0.09024213396007019
1.0378505298894856	cosine	24.0	3.0	9.0	0.26774866230592337	0.033400440030095055
-0.08397402014730973	cosine	24.0	12.0	3.0	0.22555494714375637	0.0612756889104502
0.9840513010924692	cosine	24.0	3.0	0.0	0.16702446852620292	0.12642548136726045
-0.3037452334831917	cosine	24.0	15.0	12.0	0.4468130599727681	0.001110797488048831
0.3776645694869087	cosine	24.0	3.0	6.0	0.330337282196268	0.011864341762666228
0.3393088144950108	cosine	24.0	18.0	15.0	0.22152916418817914	0.06468486429452701
1.372007842728742	cosine	24.0	21.0	18.0	0.17305466381079335	0.11806115286078062
0.10747536440058832	cosine	24.0	3.0	6.0	0.21156432679985704	0.0737564416596048
-0.796092579288633	cosine	24.0	12.0	15.0	0.25156701695945766	0.04251378781533029
2.6025703091085752	cosine	24.0	0.0	12.0	0.3395411912439763	0.010049245916082774
1.6911287169332383	cosine	24.0	6.0	3.0	0.330337282196268	0.011864341762666228
-0.7334809498129266	cosine	24.0	12.0	15.0	0.25156701695945766	0.04251378781533029
0.3666050952628688	cosine	24.0	3.0	6.0	0.3377605919085437	0.010380190257282039
0.18849639586473835	cosine	24.0	12.0	9.0	0.1683092910639584	0.12460960164846763
-0.012322448464198377	cosine	24.0	15.0	6.0	0.4045703793190249	0.002805441148677372
1.0546920407558265	cosine	24.0	6.0	18.0	0.4816004098472528	0.0004885415688369152
-0.5863633925584536	cosine	24.0	0.0	3.0	0.2709508044980625	0.03180287707901677
-1.031119847477698	cosine	24.0	15.0	18.0	0.4317941335871288	0.0015579361924007947
-2.1219124884649543	cosine	24.0	21.0	0.0	0.19597397046916537	0.08985625322931617
1.1044508326576972	cosine	24.0	18.0	6.0	0.2741417717592054	0.030274215841132077
-0.9492277514771811	cosine	24.0	15.0	18.0	0.16896292183844172	0.12369283503412826
-0.7939034446565603	cosine	24.0	21.0	15.0	0.1683092910639584	0.12460960164846763
2.319863094506737	cosine	24.0	12.0	18.0	0.209857083526201	0.07540379479773861
-0.3185967105648361	cosine	24.0	12.0	9.0	0.4301237438301159	0.0016166864665646073
-0.3075531673347848	cosine	24.0	9.0	12.0	0.28799589804277326	0.02432625829671131
-0.1633734661981977	cosine	24.0	9.0	15.0	0.29864054671577644	0.02045220334565448
1.2130594483056505	cosine	24.0	21.0	18.0	0.24077170617153856	0.0496428218829794
-0.11981052861585874	cosine	24.0	21.0	15.0	0.24311342042571768	0.04802044059311893
1.95186687855184	cosine	24.0	0.0	3.0	0.1818710879507543	0.10654892958100276
-0.571712277841754	cosine	24.0	9.0	12.0	0.20571135574483804	0.0795206783939611
0.4518959179054174	cosine	24.0	0.0	3.0	0.31549066277171667	0.015391993660926931
1.7272839552595256	cosine	24.0	6.0	9.0	0.24963185732219176	0.04372700742698232
1.6530102281345125	cosine	24.0	21.0	18.0	0.3686816750751684	0.00580139155636977
-0.042021415042312965	cosine	24.0	6.0	0.0	0.23799881093859857	0.05162016738148153
-0.1047654814095171	cosine	24.0	15.0	18.0	0.22903862738099875	0.05844034568396187
1.0431663852270048	cosine	24.0	3.0	9.0	0.41649791914254747	0.0021766940531058277
0.8021613357476157	cosine	24.0	3.0	15.0	0.2952532097773707	0.02162395005989455
-0.055673485957127455	cosine	24.0	15.0	12.0	0.0938682899102454	0.2602341422708193
-0.6770498922680478	cosine	24.0	15.0	18.0	0.25156701695945766	0.04251378781533029
-0.38397383490004244	cosine	24.0	21.0	18.0	0.19562701126437507	0.09024213396007019
1.2416605078945642	cosine	24.0	6.0	18.0	0.2593232976100592	0.03792160852533819
0.1349485392763513	cosine	24.0	6.0	21.0	0.08536806169117038	0.27946517588573627
-0.485298890639234	cosine	24.0	6.0	9.0	0.21982506838819874	0.06617158668631351
-1.1448828108041478	cosine	24.0	18.0	21.0	0.33106109598586553	0.011711945696637922
-0.45025866016921556	cosine	24.0	12.0	0.0	0.2731092190440679	0.030762062328506853
-0.2719624357154953	cosine	24.0	6.0	9.0	0.13785639881971784	0.1726443686722099
0.06444928273219126	cosine	24.0	15.0	12.0	0.3792278912373914	0.004713061061363689
-0.7435284192948536	cosine	24.0	15.0	0.0	0.21076445880646086	0.0745247925817003
-0.43505533647317174	cosine	24.0	21.0	18.0	0.21067524290009623	0.0746108704887449
-0.3023612371923055	cosine	24.0	6.0	9.0	0.1453080960532161	0.15992129427517754
-1.3070167192676294	cosine	24.0	3.0	12.0	0.21076445880646086	0.0745247925817003
0.06681230377891778	cosine	24.0	12.0	9.0	0.3029567239151251	0.019037505968002938
0.8429145541241719	cosine	24.0	15.0	12.0	0.326661648887654	0.01266506290239042
-0.07820426418186065	cosine	24.0	3.0	6.0	0.2338342559366841	0.05470697449766232
-1.2410315354452923	cosine	24.0	21.0	18.0	0.21067524290009623	0.0746108704887449
1.5487104733315609	cosine	24.0	6.0	9.0	0.3539556185911674	0.0076925343627084405
-0.2243908139207058	cosine	24.0	18.0	3.0	0.18118348213186988	0.10741654185240362
0.30176149188326346	cosine	24.0	18.0	15.0	0.16145345864562208	0.13451203512311516
-0.09967531741174018	cosine	24.0	15.0	18.0	0.19900077460972024	0.08654178804169727
0.9954375185152512	cosine	24.0	0.0	18.0	0.33215986099954203	0.011483852877009561
0.568692193465058	cosine	24.0	0.0	9.0	0.38825031885400685	0.003930673389220724
-2.0992994564951752	cosine	24.0	12.0	3.0	0.20336921463781313	0.08192052243423542
0.30586712830826257	cosine	24.0	12.0	15.0	0.15394399545280243	0.1459636853800239
-0.7387885637102837	cosine	24.0	0.0	15.0	0.21076445880646086	0.0745247925817003
-0.7000360514940028	cosine	24.0	21.0	0.0	0.3290883655048249	0.012131343131205926
2.7505341698814694	cosine	24.0	15.0	12.0	0.22152916418817914	0.06468486429452701
-0.7548313242730061	cosine	24.0	18.0	6.0	0.23709558638633982	0.052277608187366195
0.35892602017176944	cosine	24.0	18.0	9.0	0.3526072113330951	0.00789022129915346
0.09783415142753588	cosine	24.0	3.0	0.0	0.24868087536123548	0.04433336645633893
1.9931700614882788	cosine	24.0	15.0	12.0	0.41677520720148953	0.002163732623355074
2.2017685948445096	cosine	24.0	12.0	21.0	0.19746997668770394	0.08820646422125328
2.2117190967459024	cosine	24.0	6.0	3.0	0.24868087536123548	0.04433336645633893
-1.4609943297931856	cosine	24.0	12.0	15.0	0.16896292183844172	0.12369283503412826
-0.8228156736506922	cosine	24.0	12.0	0.0	0.2731092190440679	0.030762062328506853
0.9158561964171511	cosine	24.0	21.0	0.0	0.3142978771675294	0.015710968084713377
0.5064249664071687	cosine	24.0	6.0	21.0	0.3377605919085437	0.010380190257282039
0.15153041094196568	cosine	24.0	21.0	6.0	0.39714706960674917	0.0032752197042900965
2.3309474136538704	cosine	24.0	21.0	18.0	0.17305466381079335	0.11806115286078062
0.871592564482085	cosine	24.0	18.0	21.0	0.09781350563218753	0.2515459716285492
0.11940024444475879	cosine	24.0	0.0	3.0	0.16702446852620292	0.12642548136726045
-0.7808216043522488	cosine	24.0	9.0	3.0	0.26774866230592337	0.033400440030095055
0.8417289194158224	cosine	24.0	12.0	15.0	0.2590764801522773	0.03806123580744964
0.1404328906144584	cosine	24.0	6.0	9.0	0.39121410475865875	0.003700313337904557
0.44372475731998035	cosine	24.0	12.0	21.0	0.25708355455569004	0.03920408275739036
1.3204458498408593	cosine	24.0	3.0	0.0	0.4045703793190249	0.002805441148677372
1.6659045677510445	cosine	24.0	9.0	6.0	0.46573107709364137	0.0007153075642631058
-0.6563773576141207	cosine	24.0	15.0	18.0	0.39424681762303065	0.003477203539555004
-0.13512610067155675	cosine	24.0	15.0	12.0	0.24405755376663804	0.047378451921575866
-0.5072903407703481	cosine	24.0	6.0	21.0	0.16702446852620292	0.12642548136726045
-0.35822772557410354	cosine	24.0	18.0	15.0	0.4317941335871288	0.0015579361924007947
-0.25307264489847764	cosine	24.0	18.0	12.0	0.38223968785129464	0.004437673986452457
-0.30739632555551255	cosine	24.0	18.0	21.0	0.15800643217507218	0.13968972354679038
0.18150073900852495	cosine	24.0	12.0	9.0	0.28051548510659735	0.027402861731981906
1.7588013454774485	cosine	24.0	0.0	6.0	0.3049359765150794	0.018417133755406018
1.3685523501766563	cosine	24.0	21.0	0.0	0.34387885384212036	0.009281315096840078
-0.7662627213815171	cosine	24.0	15.0	0.0	0.4252265396972456	0.0018007516288111659
-0.40013964299028804	cosine	24.0	15.0	9.0	0.17918432802946585	0.10996794592401771
-1.5644670297702874	cosine	24.0	0.0	21.0	0.19597397046916537	0.08985625322931617
-0.08505415584857405	cosine	24.0	0.0	3.0	0.4045703793190249	0.002805441148677372
-0.4456859592153375	cosine	24.0	12.0	9.0	0.2730350721704214	0.03079734328122759
0.761981825120704	cosine	24.0	6.0	0.0	0.2603111994640922	0.03736692036454452
-0.27226729555820794	cosine	24.0	9.0	12.0	0.24311342042571768	0.04802044059311893
-0.5121517898298718	cosine	24.0	3.0	0.0	0.2338342559366841	0.05470697449766232
0.27815790881880703	cosine	24.0	12.0	15.0	0.31915218569483433	0.014447331991700058
-1.4967504466291421	cosine	24.0	15.0	12.0	0.2590764801522773	0.03806123580744964
0.41881032314602124	cosine	24.0	0.0	3.0	0.13733122967710018	0.17356475677209343
-0.3601109540113756	cosine	24.0	0.0	21.0	0.24774067964969962	0.04493949144849353
0.2714455403209566	cosine	24.0	3.0	6.0	0.2561041850735112	0.03977585423405737
0.01053238793697791	cosine	24.0	21.0	0.0	0.3586693421794159	0.0070353044355588755
0.17605431226063725	cosine	24.0	0.0	3.0	0.2932207336348896	0.022353887279688553
0.48485239637523597	cosine	24.0	0.0	15.0	0.3290883655048249	0.012131343131205926
0.29497573234133234	cosine	24.0	3.0	6.0	0.2338342559366841	0.05470697449766232
2.5016698681619807	cosine	24.0	21.0	3.0	0.23620256782189655	0.052934139906380795
-0.012292960317124367	cosine	24.0	6.0	3.0	0.32291397248399234	0.01352921307913464
-2.071573755662741	cosine	24.0	18.0	15.0	0.22903862738099875	0.05844034568396187
-0.7424510675894386	cosine	24.0	0.0	3.0	0.26352749478578685	0.03560678181850737
-1.0262789188254433	cosine	24.0	18.0	21.0	0.21819935871795682	0.06761446149507122
-1.13158856471161	cosine	24.0	6.0	0.0	0.3123734393569106	0.016237554289091953
0.9194741674977299	cosine	24.0	3.0	0.0	0.15960115881392725	0.1372777177333498
-2.220216812930364	cosine	24.0	18.0	6.0	0.13336626734231616	0.18061404631780975
-1.1247885423816404	cosine	24.0	18.0	12.0	0.11242343760332196	0.22075301329327285
-0.6419396426601169	cosine	24.0	15.0	18.0	0.43930359677994846	0.0013171214740370129
0.10694163080499475	cosine	24.0	18.0	15.0	0.16145345864562208	0.13451203512311516
0.4546069200686397	cosine	24.0	6.0	12.0	0.3434366287231429	0.009357182198009475
1.630111290782795	cosine	24.0	0.0	6.0	0.20824895957127373	0.07698101426976775
-0.35823362627734223	cosine	24.0	15.0	18.0	0.3717184280445718	0.005467174495423315
0.937743979243968	cosine	24.0	21.0	0.0	0.39564556302265463	0.003378433371147737
0.6969157463644764	cosine	24.0	21.0	9.0	0.14475453938937588	0.160844803171809
0.11726701407987081	cosine	24.0	6.0	3.0	0.24868087536123548	0.04433336645633893
-2.2478775305640295	cosine	24.0	3.0	6.0	0.31549066277171667	0.015391993660926931
-0.4287450669167492	cosine	24.0	3.0	0.0	0.3451839016208194	0.009060553512911972
-0.8009395050335608	cosine	24.0	0.0	21.0	0.1589977496259266	0.13818700065494172
-1.293925162185401	cosine	24.0	15.0	21.0	0.1608288781277825	0.13544029453589856
0.39711920203531265	cosine	24.0	12.0	6.0	0.29864054671577644	0.02045220334565448
-0.7238767142457873	cosine	24.0	0.0	12.0	0.2509652283107651	0.042888118888463896
0.051607745854696234	cosine	24.0	18.0	9.0	0.36003052104537075	0.00685497779106477
-0.8542725378573672	cosine	24.0	9.0	12.0	0.3253979627236529	0.012950952528887621
-1.1381519680304442	cosine	24.0	3.0	6.0	0.16702446852620292	0.12642548136726045
-0.7422857877223831	cosine	24.0	0.0	21.0	0.3216931213361771	0.01382149916799702
-1.5366791478317643	cosine	24.0	15.0	9.0	0.31357257405156524	0.01590768779332286
0.7154306481555041	cosine	24.0	15.0	21.0	0.28799589804277326	0.02432625829671131
0.7092196365784038	cosine	24.0	18.0	21.0	0.29344051689656264	0.02227396573589996
0.4311558757889965	cosine	24.0	0.0	15.0	0.4326217838658934	0.0015295535381500524
0.3220380533534488	cosine	24.0	18.0	15.0	0.29662379611637546	0.021143176383724687
1.5372973913580128	cosine	24.0	15.0	12.0	0.1914913114169006	0.09493692298572759
-0.07354679524930341	cosine	24.0	21.0	0.0	0.22555494714375637	0.0612756889104502
-0.5768472865099893	cosine	24.0	3.0	0.0	0.2561041850735112	0.03977585423405737
-2.167829597330629	cosine	24.0	21.0	18.0	0.24829582198939915	0.044580801125198674
0.30884404419857747	cosine	24.0	3.0	6.0	0.2709508044980625	0.03180287707901677
0.6585068781360044	cosine	24.0	0.0	21.0	0.2699264121556429	0.03230693818080994
0.08403648165839807	cosine	24.0	12.0	0.0	0.30263454002180495	0.019140153805216078
0.7239569397945855	cosine	24.0	0.0	3.0	0.15960115881392725	0.1372777177333498
-1.4205983594308065	cosine	24.0	21.0	18.0	0.3686816750751684	0.00580139155636977
-1.3704133916773742	cosine	24.0	15.0	18.0	0.17647238503126134	0.1134981303078686
0.24104070026674146	cosine	24.0	9.0	12.0	0.2954763109789492	0.021545066942792488
-0.20305209363265198	cosine	24.0	3.0	21.0	0.2731092190440679	0.030762062328506853
1.5747894311361135	cosine	24.0	15.0	12.0	0.16896292183844172	0.12369283503412826
-0.376739207979919	cosine	24.0	15.0	18.0	0.16145345864562208	0.13451203512311516
1.9551930490901976	cosine	24.0	0.0	12.0	0.33215986099954203	0.011483852877009561
0.13548671553593322	cosine	24.0	15.0	9.0	0.32850460138735404	0.012257919988595213
0.5867640475693116	cosine	24.0	18.0	15.0	0.14643453225998282	0.15805277010113494
1.3166807786453862	cosine	24.0	15.0	12.0	0.1914913114169006	0.09493692298572759
-0.9176961998904972	cosine	24.0	15.0	12.0	0.31915218569483433	0.014447331991700058
0.8970145369775611	cosine	24.0	18.0	12.0	0.23983666688708685	0.050302729438385485
0.009944382488674991	cosine	24.0	6.0	18.0	0.3778710908032291	0.004842027648163876
-0.0513079915793377	cosine	24.0	12.0	21.0	0.21237337115470045	0.07298545049751572
0.3131841580743556	cosine	24.0	12.0	9.0	0.2505938333618936	0.043120464095440875
-0.5367318158715961	cosine	24.0	21.0	6.0	0.30064404334716527	0.019784814684414773
-0.3427165399583361	cosine	24.0	0.0	21.0	0.2773216563242906	0.02881195020498228
1.0408307182018506	cosine	24.0	18.0	15.0	0.3341711120804736	0.011076319946854101
-0.7463977561755981	cosine	24.0	12.0	15.0	0.3717184280445718	0.005467174495423315
0.4463732167753469	cosine	24.0	9.0	3.0	0.22312388525493615	0.06331718635548518
-1.4649454031936429	cosine	24.0	18.0	21.0	0.21819935871795682	0.06761446149507122
1.341825204236245	cosine	24.0	12.0	6.0	0.2762425057120932	0.02930147114696944
-2.3301786219764593	cosine	24.0	0.0	9.0	0.21076445880646086	0.0745247925817003
1.3148786241069799	cosine	24.0	6.0	9.0	0.39121410475865875	0.003700313337904557
-0.40528267014347436	cosine	24.0	18.0	3.0	0.21815970297510862	0.06764995867882109
-0.3411672004403671	cosine	24.0	18.0	12.0	0.2698162502479727	0.03236153477515324
0.6582523172235809	cosine	24.0	12.0	21.0	0.25708355455569004	0.03920408275739036
-1.557673418856046	cosine	24.0	18.0	12.0	0.21735197936642245	0.06837611648478077
0.40093443899165593	cosine	24.0	0.0	3.0	0.20414101708758137	0.08112374916958642
-0.9666778461587331	cosine	24.0	6.0	9.0	0.2645352517891883	0.03506947273840929
-0.5855982557227909	cosine	24.0	18.0	0.0	0.39859183319945046	0.003178592823322213
0.770053309468744	cosine	24.0	12.0	9.0	0.28799589804277326	0.02432625829671131
-1.7131850306168581	cosine	24.0	15.0	12.0	0.19900077460972024	0.08654178804169727
1.261605786879329	cosine	24.0	21.0	0.0	0.3290883655048249	0.012131343131205926
-0.23427393348237102	cosine	24.0	3.0	21.0	0.24358389806633082	0.04769966180633572
1.0527877604538747	cosine	24.0	0.0	3.0	0.24125756564895978	0.04930266217726652
1.2167981407498563	cosine	24.0	21.0	12.0	0.17511488498720915	0.11529525052334588
-0.22215019471943204	cosine	24.0	21.0	18.0	0.2558199378072597	0.039943065844359166
-0.9895848453289107	cosine	24.0	15.0	18.0	0.22152916418817914	0.06468486429452701
-0.055799746198084976	cosine	24.0	0.0	21.0	0.20336921463781313	0.08192052243423542
-0.6608982376066017	cosine	24.0	9.0	6.0	0.09314621541872828	0.26184087587877675
-1.2920397092674092	cosine	24.0	3.0	0.0	0.26352749478578685	0.03560678181850737
-2.040711843577502	cosine	24.0	21.0	0.0	0.19597397046916537	0.08985625322931617
0.855383566021326	cosine	24.0	0.0	3.0	0.31549066277171667	0.015391993660926931
-0.37309507068046954	cosine	24.0	15.0	6.0	0.30806735305944094	0.01747083493063007
1.5223413072917649	cosine	24.0	6.0	18.0	0.2741417717592054	0.030274215841132077
0.1392441135836343	cosine	24.0	0.0	6.0	0.252873736622261	0.041710063911116285
1.3739001490343983	cosine	24.0	6.0	0.0	0.364435679249729	0.006299060954990374
0.7848688912480442	cosine	24.0	18.0	6.0	0.28155100883377854	0.02695852193603356
-0.6358002352631985	cosine	24.0	12.0	0.0	0.19929591659972523	0.08622355226943118
-2.4349058939119588	cosine	24.0	3.0	6.0	0.2264109462244084	0.060569228522496806
-0.17779210632223083	cosine	24.0	3.0	0.0	0.2932207336348896	0.022353887279688553
0.5772068511893963	cosine	24.0	15.0	18.0	0.2365480905738184	0.052679346147498834
1.6715975043742717	cosine	24.0	3.0	12.0	0.16639299379457437	0.12732468937632635
0.5663604766700118	cosine	24.0	15.0	12.0	0.2365480905738184	0.052679346147498834
-0.6395457757467943	cosine	24.0	6.0	9.0	0.19001827945420569	0.09665182047357779
-0.5559460728888219	cosine	24.0	18.0	9.0	0.2932207336348896	0.022353887279688553
-0.6610785583847917	cosine	24.0	9.0	6.0	0.27198694902268655	0.031299660183120276
0.7010488149306139	cosine	24.0	12.0	15.0	0.22903862738099875	0.05844034568396187
1.9057346165611149	cosine	24.0	0.0	21.0	0.20336921463781313	0.08192052243423542
0.05146409719759624	cosine	24.0	0.0	3.0	0.24868087536123548	0.04433336645633893
-0.1142507442799388	cosine	24.0	15.0	12.0	0.11639667948870429	0.21276808318223123
-0.7218788805646646	cosine	24.0	12.0	15.0	0.16145345864562208	0.13451203512311516
0.6021011769135588	cosine	24.0	9.0	6.0	0.2049216739212022	0.08032379819344765
-0.2941534036619409	cosine	24.0	15.0	3.0	0.413354493688319	0.00232862927072122
-0.1442998320410151	cosine	24.0	18.0	21.0	0.31601286435014436	0.015254106285572607
-0.423295775952066	cosine	24.0	3.0	0.0	0.24125756564895978	0.04930266217726652
-0.7883431559951893	cosine	24.0	12.0	21.0	0.28689034348968306	0.024761821716796587
0.1321445122627698	cosine	24.0	21.0	18.0	0.37620579089302897	0.005004611630800322
-2.375061632773459	cosine	24.0	15.0	6.0	0.20414101708758137	0.08112374916958642
-1.289318256083941	cosine	24.0	0.0	9.0	0.21815970297510862	0.06764995867882109
-0.37127086970243317	cosine	24.0	9.0	15.0	0.20158236903314908	0.08378779091821886
-1.5274174246084102	cosine	24.0	12.0	6.0	0.15678628702578262	0.1415545250123827
-0.0013394545824293937	cosine	24.0	9.0	21.0	0.4268403084558519	0.0017380915166549582
0.16538272104944587	cosine	24.0	6.0	15.0	0.3451839016208194	0.009060553512911972
-1.0111021697857656	cosine	24.0	15.0	18.0	0.19900077460972024	0.08654178804169727
-0.12713168778843228	cosine	24.0	0.0	18.0	0.3690665122217134	0.00575805764378841
-0.6720467272841263	cosine	24.0	9.0	6.0	0.16021149052021263	0.13636216882002333
-0.7896848994548338	cosine	24.0	18.0	21.0	0.2558199378072597	0.039943065844359166
1.191881820486964	cosine	24.0	12.0	0.0	0.24358389806633082	0.04769966180633572
1.988159970265198	cosine	24.0	9.0	18.0	0.2561041850735112	0.03977585423405737
-0.3405857229614175	cosine	24.0	12.0	9.0	0.3702804403407085	0.005623241622001215
2.0558905533516296	cosine	24.0	6.0	3.0	0.26352749478578685	0.03560678181850737
-0.21533064592724022	cosine	24.0	9.0	0.0	0.35127409801076814	0.008090044838256295
0.1378403352564525	cosine	24.0	12.0	15.0	0.3041332593091951	0.01866662856252859
0.28880869398844683	cosine	24.0	6.0	0.0	0.1710616453621177	0.12078118127288895
0.0679875215240911	cosine	24.0	3.0	6.0	0.24125756564895978	0.04930266217726652
-1.6120221940979962	cosine	24.0	15.0	12.0	0.16145345864562208	0.13451203512311516
0.18508642261852457	cosine	24.0	12.0	9.0	0.2206721816171899	0.0654292553875976
0.2722089264174211	cosine	24.0	0.0	15.0	0.44741227220318885	0.0010956827098778873
-0.22504032110107972	cosine	24.0	12.0	0.0	0.24358389806633082	0.04769966180633572
1.5459397113865008	cosine	24.0	21.0	0.0	0.3069026329988816	0.017817847893956983
1.0571514566935618	cosine	24.0	12.0	9.0	0.28051548510659735	0.027402861731981906
0.444102190033454	cosine	24.0	15.0	0.0	0.3069026329988816	0.017817847893956983
0.2684503049634624	cosine	24.0	21.0	18.0	0.2257234745358174	0.061136095767155875
