ID	Waveform	Period	Phase	Nadir	Tau	P
0.8699976963119671	cosine	24.0	12.0	15.0	0.20651023780253988	0.07871439991892487
-2.27797402270646	cosine	24.0	12.0	9.0	0.2505938333618936	0.043120464095440875
0.730752979078871	cosine	24.0	18.0	15.0	0.34168057527329326	0.009663826561076
-0.055827947049225356	cosine	24.0	12.0	18.0	0.17987750016531512	0.10907841091363718
0.22137469569399706	cosine	24.0	6.0	12.0	0.15678628702578262	0.1415545250123827
-0.8007440096277778	cosine	24.0	18.0	15.0	0.13141560587434356	0.18414709071421098
0.8101715325612526	cosine	24.0	15.0	12.0	0.29662379611637546	0.021143176383724687
0.24521818580252866	cosine	24.0	21.0	18.0	0.18810289544651448	0.09891558665411498
-0.3996407287881353	cosine	24.0	6.0	9.0	0.2943420407231813	0.021948655444004782
-2.977030977439652	cosine	24.0	6.0	9.0	0.21237337115470045	0.07298545049751572
0.6956034720325044	cosine	24.0	15.0	21.0	0.28799589804277326	0.02432625829671131
-0.6036646399460527	cosine	24.0	0.0	3.0	0.24125756564895978	0.04930266217726652
0.2441526862059158	cosine	24.0	6.0	9.0	0.2421801600886935	0.04866185976418303
-0.44233909096816854	cosine	24.0	3.0	15.0	0.2583465585551994	0.03847661585264555
-0.11028029084033496	cosine	24.0	15.0	18.0	0.36420896485175214	0.006326666384439039
1.0074240255167892	cosine	24.0	6.0	9.0	0.2049216739212022	0.08032379819344765
-0.3223688351608612	cosine	24.0	0.0	3.0	0.21156432679985704	0.0737564416596048
-0.8953758820187931	cosine	24.0	3.0	6.0	0.14475453938937588	0.160844803171809
1.168925065989163	cosine	24.0	9.0	6.0	0.227276765621697	0.05986116155126607
-1.3423650252534225	cosine	24.0	18.0	9.0	0.21898763651213274	0.06691183000253088
0.11959204568747604	cosine	24.0	18.0	0.0	0.2952532097773707	0.02162395005989455
-0.514606928308884	cosine	24.0	3.0	9.0	0.2974985136732482	0.020841095044795872
1.107390556772334	cosine	24.0	12.0	9.0	0.19823094280866213	0.08737598727842949
1.0714226900120345	cosine	24.0	21.0	15.0	0.19823094280866213	0.08737598727842949
-0.05090024801433582	cosine	24.0	0.0	6.0	0.34956075356606664	0.008353384938283085
1.1650284593660183	cosine	24.0	12.0	18.0	0.4347039587328449	0.0014602226725413093
0.3689536846745997	cosine	24.0	15.0	12.0	0.3717184280445718	0.005467174495423315
-0.4121698266901792	cosine	24.0	21.0	6.0	0.15960115881392725	0.1372777177333498
-0.3332975115179235	cosine	24.0	9.0	6.0	0.227276765621697	0.05986116155126607
0.3634862798892797	cosine	24.0	3.0	18.0	0.3660645863480636	0.006103836469221554
-0.43811220480941676	cosine	24.0	12.0	0.0	0.39859183319945046	0.003178592823322213
-1.2798846518514604	cosine	24.0	12.0	9.0	0.3702804403407085	0.005623241622001215
-0.17955644051870412	cosine	24.0	12.0	15.0	0.26658594334509694	0.03399663812377356
0.20354909516016076	cosine	24.0	3.0	12.0	0.22555494714375637	0.0612756889104502
-0.024814061953841737	cosine	24.0	18.0	15.0	0.3116427225020147	0.016441424648025
-0.3070979456028404	cosine	24.0	0.0	12.0	0.14024527464425107	0.16849709470074392
-0.17243740842429717	cosine	24.0	15.0	18.0	0.22152916418817914	0.06468486429452701
-2.167324787263013	cosine	24.0	12.0	9.0	0.46752580851099557	0.0006854977761750349
0.8043809485802449	cosine	24.0	3.0	9.0	0.35699821640789786	0.007262408061412495
-0.9286216896652084	cosine	24.0	6.0	15.0	0.43426361816812764	0.0014746410900555347
-0.717910127007184	cosine	24.0	12.0	15.0	0.34919003846611285	0.0084113441669734
-1.911343135767158	cosine	24.0	12.0	9.0	0.3029567239151251	0.019037505968002938
1.6304604177416524	cosine	24.0	21.0	6.0	0.24868087536123548	0.04433336645633893
0.5981220193109853	cosine	24.0	15.0	18.0	0.20651023780253988	0.07871439991892487
-0.41707892582135336	cosine	24.0	6.0	18.0	0.3482341425049366	0.008562424718745255
0.031114089076541264	cosine	24.0	0.0	21.0	0.22555494714375637	0.0612756889104502
0.14085986312806717	cosine	24.0	6.0	9.0	0.3539556185911674	0.0076925343627084405
1.308429931963583	cosine	24.0	3.0	6.0	0.2783741142103382	0.0283411053804827
-0.6470867919460038	cosine	24.0	12.0	9.0	0.1907505298724862	0.09579651477177781
-0.11827124528532429	cosine	24.0	0.0	21.0	0.1885787263005176	0.09834961988888624
-1.0448818146234224	cosine	24.0	6.0	3.0	0.24125756564895978	0.04930266217726652
0.7558922743703321	cosine	24.0	15.0	18.0	0.15394399545280243	0.1459636853800239
-0.18209625971753016	cosine	24.0	3.0	9.0	0.4016229934588851	0.0029841578270689
-1.0201023244086251	cosine	24.0	18.0	21.0	0.19562701126437507	0.09024213396007019
-0.7699925114001841	cosine	24.0	18.0	0.0	0.4207358239327533	0.0019860827842088013
-0.11917294324539433	cosine	24.0	15.0	12.0	0.2140197009953595	0.07143562183788349
0.6661295702024738	cosine	24.0	12.0	9.0	0.22815259455336584	0.059151522051165605
-0.1375487814084397	cosine	24.0	6.0	0.0	0.4611226961935347	0.0007974088399087035
0.4858495922475169	cosine	24.0	6.0	3.0	0.36003052104537075	0.00685497779106477
1.758995962533815	cosine	24.0	9.0	6.0	0.21237337115470045	0.07298545049751572
-0.28880277650854996	cosine	24.0	3.0	21.0	0.19929591659972523	0.08622355226943118
-1.435922083266251	cosine	24.0	18.0	15.0	0.26658594334509694	0.03399663812377356
0.835286386046778	cosine	24.0	6.0	0.0	0.3421232907242354	0.009585702427533002
0.9093007348549222	cosine	24.0	0.0	21.0	0.19597397046916537	0.08985625322931617
0.05900112333411751	cosine	24.0	15.0	21.0	0.2655546592342455	0.03453273942337478
-0.08848586327571695	cosine	24.0	15.0	9.0	0.2613104783763044	0.03681260452934408
0.5633291132206624	cosine	24.0	21.0	18.0	0.14295820053935102	0.16386560074610457
-1.0424787175561256	cosine	24.0	15.0	12.0	0.24405755376663804	0.047378451921575866
-0.7355495156352905	cosine	24.0	21.0	0.0	0.3216931213361771	0.01382149916799702
-0.02587975028600907	cosine	24.0	9.0	12.0	0.1683092910639584	0.12460960164846763
-2.0088394816086184	cosine	24.0	15.0	18.0	0.4017562808158503	0.002975859456052734
-0.016443269731365937	cosine	24.0	6.0	9.0	0.3390522241241709	0.010139196014009982
0.5401209630463316	cosine	24.0	18.0	15.0	0.34919003846611285	0.0084113441669734
0.9544504880597815	cosine	24.0	6.0	3.0	0.26352749478578685	0.03560678181850737
0.7869787299383357	cosine	24.0	18.0	15.0	0.25156701695945766	0.04251378781533029
-0.8074407616775829	cosine	24.0	3.0	21.0	0.23620256782189655	0.052934139906380795
-1.0973616151211418	cosine	24.0	21.0	3.0	0.14762660488868534	0.15609104027542364
0.3166039596001365	cosine	24.0	15.0	9.0	0.2165143963689379	0.06913545510964812
-1.2150939666603207	cosine	24.0	0.0	21.0	0.13681201711998336	0.1744777691802858
0.9805786956511356	cosine	24.0	12.0	9.0	0.1907505298724862	0.09579651477177781
0.39856393942264035	cosine	24.0	12.0	18.0	0.4347039587328449	0.0014602226725413093
1.134685169381043	cosine	24.0	3.0	6.0	0.2932207336348896	0.022353887279688553
0.6179253471881391	cosine	24.0	15.0	3.0	0.30263454002180495	0.019140153805216078
-0.5218972511365897	cosine	24.0	0.0	3.0	0.13733122967710018	0.17356475677209343
0.4395054426090585	cosine	24.0	9.0	15.0	0.3583686560589317	0.007075698844899728
0.38367333901716993	cosine	24.0	18.0	15.0	0.24405755376663804	0.047378451921575866
-1.0145022809097968	cosine	24.0	9.0	3.0	0.2826235879895858	0.026504638918733395
0.5315451196282016	cosine	24.0	15.0	18.0	0.2816048697307362	0.026935575910470858
1.101377600260724	cosine	24.0	3.0	6.0	0.12248461025254881	0.20086613625359467
0.23596487215398187	cosine	24.0	6.0	0.0	0.290061050831417	0.023529860808762543
-1.4709142376261197	cosine	24.0	6.0	15.0	0.2264109462244084	0.060569228522496806
0.6719409324504217	cosine	24.0	6.0	9.0	0.36885901305816393	0.005781386903632934
-0.020617534333439064	cosine	24.0	12.0	6.0	0.3509026423910373	0.008146509643390648
-0.10499868864407942	cosine	24.0	0.0	21.0	0.4104360513599501	0.0024782190637700975
1.387679675247053	cosine	24.0	18.0	0.0	0.3173972005106735	0.014893695995628085
-2.2282931119277327	cosine	24.0	21.0	0.0	0.24774067964969962	0.04493949144849353
0.9994854990931481	cosine	24.0	12.0	9.0	0.20571135574483804	0.0795206783939611
1.0660040786840064	cosine	24.0	15.0	18.0	0.22903862738099875	0.05844034568396187
-0.17251362478762836	cosine	24.0	6.0	3.0	0.2709508044980625	0.03180287707901677
-1.3820483019102492	cosine	24.0	6.0	9.0	0.3390522241241709	0.010139196014009982
0.22428373676386928	cosine	24.0	3.0	18.0	0.3216931213361771	0.01382149916799702
0.9337066400267483	cosine	24.0	18.0	6.0	0.3334156683557904	0.011227893725165514
-2.103688101325801	cosine	24.0	15.0	0.0	0.23295019131240413	0.055380662873957556
-0.19652903998046514	cosine	24.0	15.0	12.0	0.24405755376663804	0.047378451921575866
0.7420692090447897	cosine	24.0	3.0	0.0	0.3377605919085437	0.010380190257282039
0.6763862464999179	cosine	24.0	15.0	9.0	0.47782487474524227	0.0005354677614061722
-1.2838467884182194	cosine	24.0	12.0	0.0	0.2509652283107651	0.042888118888463896
-1.3675748302612702	cosine	24.0	18.0	21.0	0.23324759035367798	0.05515330692798147
-0.09110983592621043	cosine	24.0	15.0	12.0	0.42428467039430917	0.0018382656628527076
-1.6745614170687908	cosine	24.0	3.0	15.0	0.12548261415538256	0.19515484779068937
-1.557710251202659	cosine	24.0	9.0	15.0	0.29864054671577644	0.02045220334565448
0.7228824089031987	cosine	24.0	18.0	21.0	0.24077170617153856	0.0496428218829794
-1.8547435330890452	cosine	24.0	12.0	15.0	0.16145345864562208	0.13451203512311516
-1.3575123305400147	cosine	24.0	6.0	3.0	0.19671770737530567	0.08903321910476264
-2.2976844430478494	cosine	24.0	12.0	15.0	0.19900077460972024	0.08654178804169727
-0.25094240401051743	cosine	24.0	12.0	15.0	0.22903862738099875	0.05844034568396187
-0.7806712528637471	cosine	24.0	3.0	0.0	0.21156432679985704	0.0737564416596048
0.87495829568651	cosine	24.0	0.0	18.0	0.23620256782189655	0.052934139906380795
0.4276539972570467	cosine	24.0	18.0	15.0	0.3341711120804736	0.011076319946854101
-1.7189073981465626	cosine	24.0	21.0	9.0	0.330337282196268	0.011864341762666228
-0.44784421227305005	cosine	24.0	9.0	0.0	0.5065742255523709	0.0002621592340258946
-0.4422246379538951	cosine	24.0	9.0	6.0	0.2794386462561848	0.02787139059585182
2.1401392360320335	cosine	24.0	18.0	21.0	0.1504823163572116	0.15145707876053838
-0.2624686284352032	cosine	24.0	3.0	6.0	0.32291397248399234	0.01352921307913464
-0.2958572343678037	cosine	24.0	12.0	0.0	0.16238926537755388	0.1331294177656946
-1.5009131803419333	cosine	24.0	0.0	6.0	0.2751861251477546	0.029787333680552044
0.23848927340375575	cosine	24.0	15.0	21.0	0.4002020920854122	0.0030739268367153947
0.9327625741735294	cosine	24.0	21.0	18.0	0.3837299067108896	0.004306804500442138
-0.2344137346944002	cosine	24.0	9.0	6.0	0.34650392135766916	0.008841950715020211
1.2902103136723249	cosine	24.0	6.0	21.0	0.1818710879507543	0.10654892958100276
0.08847694922893992	cosine	24.0	0.0	21.0	0.3069026329988816	0.017817847893956983
-0.0021386807374122255	cosine	24.0	0.0	6.0	0.3049359765150794	0.018417133755406018
0.18068731626166842	cosine	24.0	3.0	12.0	0.20336921463781313	0.08192052243423542
-1.2255294708292197	cosine	24.0	6.0	3.0	0.4862267861540574	0.0004362367727824581
-0.12501397004332673	cosine	24.0	0.0	21.0	0.3808550746853591	0.004562440916140081
-0.7781154610596505	cosine	24.0	15.0	12.0	0.2365480905738184	0.052679346147498834
-0.31526737269549315	cosine	24.0	0.0	21.0	0.3586693421794159	0.0070353044355588755
-0.18254373631972717	cosine	24.0	12.0	9.0	0.23563300748954177	0.05335627493079011
-0.14585276629642974	cosine	24.0	21.0	0.0	0.4769932488777799	0.0005463493182082269
0.7680255729892135	cosine	24.0	9.0	6.0	0.2794386462561848	0.02787139059585182
1.7067080784114592	cosine	24.0	21.0	0.0	0.2625311679869951	0.03614461188618968
1.8425068389404269	cosine	24.0	6.0	3.0	0.21156432679985704	0.0737564416596048
0.3129383244363612	cosine	24.0	15.0	3.0	0.3100158702662392	0.016903200710028324
-1.095168887638992	cosine	24.0	15.0	18.0	0.11639667948870429	0.21276808318223123
-1.192971145230326	cosine	24.0	15.0	12.0	0.13892506906716318	0.17078109313035117
-1.5979661733936024	cosine	24.0	6.0	3.0	0.31549066277171667	0.015391993660926931
0.7413720057745161	cosine	24.0	15.0	12.0	0.15394399545280243	0.1459636853800239
-1.0305021459457941	cosine	24.0	12.0	15.0	0.13892506906716318	0.17078109313035117
0.6679947153583431	cosine	24.0	9.0	21.0	0.3377605919085437	0.010380190257282039
-0.3726596803087005	cosine	24.0	21.0	0.0	0.16639299379457437	0.12732468937632635
-0.22858753503741372	cosine	24.0	21.0	6.0	0.16702446852620292	0.12642548136726045
0.27052549782068513	cosine	24.0	3.0	9.0	0.33468582788240425	0.010974068511825539
-0.8620616960681368	cosine	24.0	15.0	18.0	0.3041332593091951	0.01866662856252859
-0.7997765584513935	cosine	24.0	12.0	9.0	0.28799589804277326	0.02432625829671131
0.6563284404065728	cosine	24.0	18.0	21.0	0.19562701126437507	0.09024213396007019
-0.4213225223961366	cosine	24.0	12.0	18.0	0.3972294795317376	0.0032696378165009638
-0.557260459469774	cosine	24.0	21.0	0.0	0.28471690049293835	0.0256371939762934
0.5331610689372481	cosine	24.0	0.0	18.0	0.11810128391094828	0.20939473758024713
0.810546880681281	cosine	24.0	9.0	12.0	0.2206721816171899	0.0654292553875976
0.05542874241393138	cosine	24.0	3.0	0.0	0.2338342559366841	0.05470697449766232
0.15841339322236198	cosine	24.0	9.0	6.0	0.227276765621697	0.05986116155126607
0.10166421704274331	cosine	24.0	15.0	18.0	0.16145345864562208	0.13451203512311516
-0.015568145927134907	cosine	24.0	12.0	15.0	0.22152916418817914	0.06468486429452701
0.32213803198651303	cosine	24.0	12.0	9.0	0.12342681344690283	0.19906049418466365
0.8026682549586266	cosine	24.0	21.0	3.0	0.24358389806633082	0.04769966180633572
1.4570451507171704	cosine	24.0	9.0	12.0	0.35531961446835664	0.007497010747590814
-0.23807620973412985	cosine	24.0	15.0	12.0	0.13141560587434356	0.18414709071421098
1.898616874685366	cosine	24.0	6.0	12.0	0.29864054671577644	0.02045220334565448
0.05164389288037954	cosine	24.0	18.0	9.0	0.30806735305944094	0.01747083493063007
1.9828384320951495	cosine	24.0	15.0	12.0	0.2140197009953595	0.07143562183788349
-0.8627247565572781	cosine	24.0	12.0	15.0	0.17647238503126134	0.1134981303078686
-0.6108781862749512	cosine	24.0	3.0	9.0	0.2603111994640922	0.03736692036454452
0.10136276772283499	cosine	24.0	12.0	18.0	0.4796733337741737	0.0005119954746329141
-1.2777003101321782	cosine	24.0	18.0	21.0	0.23324759035367798	0.05515330692798147
-0.3946981966174262	cosine	24.0	9.0	21.0	0.30806735305944094	0.01747083493063007
-1.8684453424257068	cosine	24.0	21.0	0.0	0.22555494714375637	0.0612756889104502
-1.2871010382328851	cosine	24.0	9.0	12.0	0.1159464005107269	0.21366443655480294
0.99177553489381	cosine	24.0	21.0	0.0	0.21815970297510862	0.06764995867882109
0.9694333497092923	cosine	24.0	3.0	0.0	0.3526072113330951	0.00789022129915346
-1.4550789019424102	cosine	24.0	0.0	6.0	0.34956075356606664	0.008353384938283085
-1.3915186832608513	cosine	24.0	3.0	12.0	0.24034543548105186	0.04994280222373064
0.61826191475454	cosine	24.0	12.0	6.0	0.39569872439840376	0.0033747297067160454
-0.4084173596295594	cosine	24.0	6.0	9.0	0.19001827945420569	0.09665182047357779
-1.4916694504025096	cosine	24.0	18.0	21.0	0.2633440536251203	0.03570531001355481
0.8084342260194256	cosine	24.0	0.0	6.0	0.38674806777522264	0.004052272995904978
0.9666927911599629	cosine	24.0	15.0	21.0	0.28051548510659735	0.027402861731981906
0.9727652956597702	cosine	24.0	0.0	3.0	0.3451839016208194	0.009060553512911972
-0.6847913347379676	cosine	24.0	3.0	6.0	0.2264109462244084	0.060569228522496806
0.95151710552695	cosine	24.0	6.0	0.0	0.20824895957127373	0.07698101426976775
-0.22168654540722194	cosine	24.0	12.0	15.0	0.26658594334509694	0.03399663812377356
-1.3582493368541326	cosine	24.0	18.0	9.0	0.21156432679985704	0.0737564416596048
2.1006362265340512	cosine	24.0	12.0	15.0	0.22152916418817914	0.06468486429452701
0.022439030132459903	cosine	24.0	0.0	18.0	0.19929591659972523	0.08622355226943118
1.562638344637458	cosine	24.0	15.0	18.0	0.2590764801522773	0.03806123580744964
0.3622021531940284	cosine	24.0	12.0	3.0	0.3216931213361771	0.01382149916799702
-0.9417335800184623	cosine	24.0	21.0	3.0	0.3100158702662392	0.016903200710028324
1.1367461417094147	cosine	24.0	3.0	0.0	0.1818710879507543	0.10654892958100276
0.4542688153907536	cosine	24.0	18.0	15.0	0.27409540653791653	0.03029598352690821
-0.884022777593932	cosine	24.0	21.0	3.0	0.2583465585551994	0.03847661585264555
0.9023834566780448	cosine	24.0	15.0	6.0	0.3674538307576464	0.00594159154192835
-0.5697296092997666	cosine	24.0	6.0	3.0	0.36003052104537075	0.00685497779106477
-1.3654850556396896	cosine	24.0	3.0	0.0	0.26352749478578685	0.03560678181850737
-0.2555861604405498	cosine	24.0	18.0	15.0	0.1914913114169006	0.09493692298572759
-0.027411252402994035	cosine	24.0	3.0	15.0	0.21405857708859377	0.07139933215686703
-0.7057882694228517	cosine	24.0	15.0	21.0	0.2580742462980696	0.03863252516949062
0.7185470575498328	cosine	24.0	9.0	12.0	0.20571135574483804	0.0795206783939611
-0.28655818074174216	cosine	24.0	21.0	12.0	0.13785639881971784	0.1726443686722099
-0.27888839851883246	cosine	24.0	21.0	15.0	0.3927216791492363	0.0035878478178341827
-0.15832594596949984	cosine	24.0	6.0	12.0	0.3733006833947205	0.005299908342446223
0.44791494368500173	cosine	24.0	0.0	6.0	0.3198109021987418	0.014282791544260957
-1.895550601148381	cosine	24.0	3.0	18.0	0.19597397046916537	0.08985625322931617
-0.5228431548756023	cosine	24.0	3.0	21.0	0.22882123757746228	0.05861420943696903
-0.6411426142939352	cosine	24.0	18.0	15.0	0.43930359677994846	0.0013171214740370129
0.3425307021640016	cosine	24.0	6.0	3.0	0.1818710879507543	0.10654892958100276
0.4040479295233381	cosine	24.0	21.0	3.0	0.22882123757746228	0.05861420943696903
0.48158631438352545	cosine	24.0	18.0	15.0	0.34168057527329326	0.009663826561076
-0.7002142402612163	cosine	24.0	0.0	21.0	0.3216931213361771	0.01382149916799702
-0.8978087196785384	cosine	24.0	3.0	6.0	0.24868087536123548	0.04433336645633893
0.045012587084920536	cosine	24.0	12.0	6.0	0.2239804100368323	0.06259195697574524
-0.09034721911764945	cosine	24.0	6.0	3.0	0.15960115881392725	0.1372777177333498
-0.5302578588800825	cosine	24.0	0.0	21.0	0.3586693421794159	0.0070353044355588755
-1.0240479918327579	cosine	24.0	9.0	6.0	0.3390522241241709	0.010139196014009982
-0.24804656803452582	cosine	24.0	21.0	12.0	0.34650392135766916	0.008841950715020211
0.5054440536682598	cosine	24.0	6.0	9.0	0.48808616879413613	0.00041671725019706124
0.08133232736550167	cosine	24.0	0.0	15.0	0.17378823796322213	0.11707097859576515
3.1401339551669865	cosine	24.0	9.0	0.0	0.24774067964969962	0.04493949144849353
1.6102818810451969	cosine	24.0	0.0	3.0	0.36003052104537075	0.00685497779106477
-0.2457832140574995	cosine	24.0	9.0	3.0	0.17849910820394893	0.11085238011984289
-0.7560327581400654	cosine	24.0	12.0	9.0	0.31043713685130103	0.016782574144907064
-0.8331244556734624	cosine	24.0	18.0	21.0	0.24077170617153856	0.0496428218829794
-0.7354104355264677	cosine	24.0	15.0	12.0	0.11639667948870429	0.21276808318223123
-0.2433042946628653	cosine	24.0	21.0	18.0	0.24077170617153856	0.0496428218829794
-0.6113347865432335	cosine	24.0	15.0	18.0	0.3566995016589325	0.007303677061155208
-0.289178654959869	cosine	24.0	6.0	9.0	0.25708355455569004	0.03920408275739036
-0.3973936615023293	cosine	24.0	12.0	9.0	0.2505938333618936	0.043120464095440875
0.9954187553353493	cosine	24.0	6.0	9.0	0.16021149052021263	0.13636216882002333
0.6088830641689997	cosine	24.0	9.0	0.0	0.2551359238183474	0.04034778682105685
0.0469922698578788	cosine	24.0	6.0	15.0	0.2264109462244084	0.060569228522496806
1.6690615080784996	cosine	24.0	12.0	3.0	0.2773216563242906	0.02881195020498228
-0.38610095500604136	cosine	24.0	15.0	21.0	0.36280002740453254	0.006500636034123981
-1.6353860340136614	cosine	24.0	6.0	3.0	0.17444777823847862	0.11618577088949705
0.5632929824125008	cosine	24.0	12.0	9.0	0.2206721816171899	0.0654292553875976
0.39129282333388277	cosine	24.0	9.0	0.0	0.2699264121556429	0.03230693818080994
0.5926384981178086	cosine	24.0	18.0	15.0	0.24405755376663804	0.047378451921575866
0.4178939610240075	cosine	24.0	21.0	6.0	0.2561041850735112	0.03977585423405737
0.09505769156388212	cosine	24.0	12.0	9.0	0.43760415676629183	0.0013684291595957054
-0.6605780732144099	cosine	24.0	15.0	9.0	0.41063075173419256	0.002467975134408087
-0.24937320352644418	cosine	24.0	3.0	9.0	0.2974985136732482	0.020841095044795872
-0.8608660704376204	cosine	24.0	15.0	18.0	0.27409540653791653	0.03029598352690821
0.11583499519694752	cosine	24.0	12.0	9.0	0.24311342042571768	0.04802044059311893
1.0159577410241283	cosine	24.0	9.0	12.0	0.34035878859600477	0.009900396537324115
1.9042336497538912	cosine	24.0	21.0	18.0	0.39125402252875013	0.0036972951644364377
-0.3715956210582388	cosine	24.0	15.0	18.0	0.24405755376663804	0.047378451921575866
0.27884532729256534	cosine	24.0	21.0	18.0	0.2257234745358174	0.061136095767155875
-1.2324601773394457	cosine	24.0	0.0	3.0	0.32291397248399234	0.01352921307913464
0.9477461808512702	cosine	24.0	21.0	3.0	0.26572788879963366	0.03444220575113408
-1.5887484275546486	cosine	24.0	9.0	6.0	0.25708355455569004	0.03920408275739036
-0.32286859646047583	cosine	24.0	12.0	9.0	0.23563300748954177	0.05335627493079011
1.076872975548118	cosine	24.0	3.0	0.0	0.24125756564895978	0.04930266217726652
-1.4814637724682673	cosine	24.0	3.0	6.0	0.16702446852620292	0.12642548136726045
1.2900456541919403	cosine	24.0	12.0	0.0	0.3690665122217134	0.00575805764378841
-0.8017203764450146	cosine	24.0	12.0	15.0	0.3041332593091951	0.01866662856252859
1.2343926989285259	cosine	24.0	6.0	0.0	0.2751861251477546	0.029787333680552044
-0.6780249352473348	cosine	24.0	12.0	9.0	0.36280002740453254	0.006500636034123981
0.16681053198082382	cosine	24.0	21.0	0.0	0.2551359238183474	0.04034778682105685
2.107972738817563	cosine	24.0	0.0	18.0	0.2509652283107651	0.042888118888463896
0.571715035806367	cosine	24.0	12.0	9.0	0.31043713685130103	0.016782574144907064
0.9203503854496822	cosine	24.0	21.0	18.0	0.2257234745358174	0.061136095767155875
0.5841240808705043	cosine	24.0	9.0	6.0	0.19001827945420569	0.09665182047357779
-0.19506801902439486	cosine	24.0	6.0	3.0	0.13733122967710018	0.17356475677209343
-0.06288898991619282	cosine	24.0	3.0	0.0	0.2338342559366841	0.05470697449766232
-0.13400088929616885	cosine	24.0	21.0	6.0	0.37487714046992215	0.0051377970621272195
-1.725678446566799	cosine	24.0	21.0	0.0	0.29211214466158614	0.02276070879876716
-0.7602474916131163	cosine	24.0	15.0	18.0	0.25156701695945766	0.04251378781533029
-0.45052349740859043	cosine	24.0	6.0	3.0	0.2264109462244084	0.060569228522496806
0.31534965189548114	cosine	24.0	12.0	15.0	0.1914913114169006	0.09493692298572759
0.5371473888145839	cosine	24.0	15.0	18.0	0.3041332593091951	0.01866662856252859
-1.365820079880516	cosine	24.0	21.0	15.0	0.34035878859600477	0.009900396537324115
-1.1863794071593436	cosine	24.0	12.0	6.0	0.38823271073050936	0.003932079535862722
0.3054169061802082	cosine	24.0	21.0	18.0	0.3009646327144232	0.019679757062280118
0.6738378006864655	cosine	24.0	3.0	6.0	0.21898763651213274	0.06691183000253088
1.579263757199455	cosine	24.0	9.0	3.0	0.3198109021987418	0.014282791544260957
1.2884918159355625	cosine	24.0	15.0	6.0	0.3823004501821978	0.004432269204779407
-1.0629191764442691	cosine	24.0	15.0	21.0	0.22815259455336584	0.059151522051165605
0.2999433833067759	cosine	24.0	15.0	12.0	0.20651023780253988	0.07871439991892487
-0.04758656993939675	cosine	24.0	12.0	9.0	0.18327011693631026	0.10479929422810885
-0.7188930533414359	cosine	24.0	15.0	21.0	0.2505938333618936	0.043120464095440875
-0.1265483203681162	cosine	24.0	9.0	12.0	0.2580742462980696	0.03863252516949062
-0.8029280433372522	cosine	24.0	18.0	15.0	0.26658594334509694	0.03399663812377356
-0.775547777862008	cosine	24.0	0.0	18.0	0.22143990733302804	0.06476208627439409
-1.52685918342725	cosine	24.0	3.0	6.0	0.3674538307576464	0.00594159154192835
1.887797270206581	cosine	24.0	21.0	0.0	0.1885787263005176	0.09834961988888624
-1.3507834197750772	cosine	24.0	3.0	21.0	0.3173972005106735	0.014893695995628085
-0.49502502830370376	cosine	24.0	15.0	18.0	0.12390614268152392	0.1981456709240792
-0.9954771820062536	cosine	24.0	9.0	12.0	0.24311342042571768	0.04802044059311893
-0.020179504046836057	cosine	24.0	9.0	21.0	0.21898763651213274	0.06691183000253088
-0.37340626959565976	cosine	24.0	18.0	21.0	0.21067524290009623	0.0746108704887449
1.392817105722505	cosine	24.0	9.0	12.0	0.2730350721704214	0.03079734328122759
-0.637954376433587	cosine	24.0	0.0	12.0	0.33215986099954203	0.011483852877009561
1.299726487142917	cosine	24.0	3.0	0.0	0.19671770737530567	0.08903321910476264
0.2702895832147915	cosine	24.0	12.0	3.0	0.21076445880646086	0.0745247925817003
-1.797693496633512	cosine	24.0	3.0	6.0	0.4268403084558519	0.0017380915166549582
0.8158131006986061	cosine	24.0	12.0	9.0	0.20571135574483804	0.0795206783939611
-0.4595621713452076	cosine	24.0	15.0	12.0	0.25156701695945766	0.04251378781533029
-0.02131010089785546	cosine	24.0	6.0	3.0	0.2264109462244084	0.060569228522496806
-0.13673394660295646	cosine	24.0	0.0	3.0	0.2338342559366841	0.05470697449766232
0.15887402236323706	cosine	24.0	15.0	21.0	0.35531961446835664	0.007497010747590814
0.3511193406275332	cosine	24.0	6.0	3.0	0.18929439766303	0.09750285144846599
-0.9487201201660398	cosine	24.0	21.0	6.0	0.3451839016208194	0.009060553512911972
0.3712086064334798	cosine	24.0	3.0	12.0	0.16639299379457437	0.12732468937632635
0.762350871431251	cosine	24.0	9.0	3.0	0.33468582788240425	0.010974068511825539
0.25203508727109275	cosine	24.0	21.0	15.0	0.18327011693631026	0.10479929422810885
1.3804818908865781	cosine	24.0	21.0	0.0	0.22555494714375637	0.0612756889104502
0.48952752085489215	cosine	24.0	18.0	0.0	0.2509652283107651	0.042888118888463896
0.19458985200712214	cosine	24.0	21.0	0.0	0.3069026329988816	0.017817847893956983
0.8457313110497764	cosine	24.0	3.0	9.0	0.32724836504057303	0.012534194594043507
0.0196440658865467	cosine	24.0	6.0	3.0	0.30806735305944094	0.01747083493063007
1.1913982346707637	cosine	24.0	6.0	9.0	0.33160052689067265	0.011599478395197028
-1.1781011834627437	cosine	24.0	6.0	0.0	0.17849910820394893	0.11085238011984289
0.4139083217138793	cosine	24.0	6.0	12.0	0.39569872439840376	0.0033747297067160454
-1.4000257721888885	cosine	24.0	21.0	18.0	0.16553054799293276	0.12855996833004363
-0.5953019293232434	cosine	24.0	3.0	15.0	0.3690665122217134	0.00575805764378841
-0.3976798890333949	cosine	24.0	15.0	9.0	0.33597061505524844	0.010722413737643984
-1.240329772440797	cosine	24.0	3.0	12.0	0.34387885384212036	0.009281315096840078
0.020675468297255587	cosine	24.0	15.0	12.0	0.26658594334509694	0.03399663812377356
1.3338199705861524	cosine	24.0	3.0	12.0	0.29950738883023387	0.02016114215609676
-1.8269712271169243	cosine	24.0	9.0	12.0	0.2505938333618936	0.043120464095440875
0.6258950055538252	cosine	24.0	18.0	12.0	0.3147856252893015	0.015579855729601268
-1.290200253893492	cosine	24.0	18.0	15.0	0.1914913114169006	0.09493692298572759
-0.8611780142384269	cosine	24.0	12.0	9.0	0.3029567239151251	0.019037505968002938
-1.5384291268998889	cosine	24.0	6.0	3.0	0.2709508044980625	0.03180287707901677
-0.41716433472468595	cosine	24.0	12.0	15.0	0.31915218569483433	0.014447331991700058
-0.5071129590927799	cosine	24.0	3.0	6.0	0.16702446852620292	0.12642548136726045
2.6719260466928123	cosine	24.0	15.0	3.0	0.37644784246614765	0.004980681982243198
-0.17899785475415042	cosine	24.0	0.0	21.0	0.18118348213186988	0.10741654185240362
0.19105083514662435	cosine	24.0	0.0	21.0	0.3069026329988816	0.017817847893956983
-0.12936335716558414	cosine	24.0	6.0	15.0	0.21156432679985704	0.0737564416596048
-0.5497509868073825	cosine	24.0	3.0	0.0	0.30064404334716527	0.019784814684414773
-0.1540624145521071	cosine	24.0	21.0	0.0	0.21815970297510862	0.06764995867882109
0.4764372390761237	cosine	24.0	12.0	9.0	0.2655546592342455	0.03453273942337478
-0.5046365116257927	cosine	24.0	3.0	0.0	0.30064404334716527	0.019784814684414773
-0.2624661806639049	cosine	24.0	12.0	0.0	0.14762660488868534	0.15609104027542364
-0.7606958778367064	cosine	24.0	21.0	15.0	0.28051548510659735	0.027402861731981906
-1.0116850072760795	cosine	24.0	12.0	6.0	0.3434366287231429	0.009357182198009475
0.10266482666784743	cosine	24.0	6.0	15.0	0.24868087536123548	0.04433336645633893
0.9833694798207083	cosine	24.0	6.0	9.0	0.3241488296571744	0.013239016787172118
-0.2113131379483082	cosine	24.0	9.0	15.0	0.3583686560589317	0.007075698844899728
-0.6517500833314275	cosine	24.0	12.0	9.0	0.317917549787477	0.014760129652761701
0.0025618052187287806	cosine	24.0	6.0	3.0	0.2264109462244084	0.060569228522496806
0.6850124483989918	cosine	24.0	21.0	3.0	0.19191458635529096	0.09444831922890234
0.006329993083559946	cosine	24.0	3.0	9.0	0.2974985136732482	0.020841095044795872
0.023298460460356864	cosine	24.0	9.0	12.0	0.13090722638307875	0.18507488909218733
-0.7514843402906728	cosine	24.0	21.0	0.0	0.16639299379457437	0.12732468937632635
-2.035632009844749	cosine	24.0	9.0	6.0	0.17511488498720915	0.11529525052334588
2.093356116918353	cosine	24.0	9.0	12.0	0.46004539557481966	0.0008178129530211379
-0.7128889840933934	cosine	24.0	15.0	9.0	0.2762425057120932	0.02930147114696944
0.21108337882641673	cosine	24.0	15.0	12.0	0.2365480905738184	0.052679346147498834
-0.15130743553878365	cosine	24.0	6.0	9.0	0.4210208936926518	0.0019738220182525293
0.32172979128786977	cosine	24.0	6.0	9.0	0.37631071029166224	0.0049942265676904355
-0.9156428354180098	cosine	24.0	9.0	12.0	0.33287837565982886	0.011336791543103485
0.10386238273185971	cosine	24.0	15.0	18.0	0.25156701695945766	0.04251378781533029
0.9239306981852933	cosine	24.0	9.0	6.0	0.31669713242367614	0.015075032280515356
1.1470210145161	cosine	24.0	21.0	6.0	0.330337282196268	0.011864341762666228
2.2955540418166254	cosine	24.0	12.0	18.0	0.2773111460881942	0.028816684834412243
-0.3331549945556901	cosine	24.0	3.0	6.0	0.11506130054027312	0.2154327694040179
0.34252687698324263	cosine	24.0	9.0	3.0	0.16362418252028652	0.1313198924872857
-1.7548348226873087	cosine	24.0	12.0	9.0	0.28051548510659735	0.027402861731981906
-0.494263401027719	cosine	24.0	6.0	9.0	0.3241488296571744	0.013239016787172118
-0.12956405443084054	cosine	24.0	3.0	6.0	0.2709508044980625	0.03180287707901677
-1.4003799219246218	cosine	24.0	6.0	12.0	0.25384446470840993	0.04112100111304758
0.026748439804952204	cosine	24.0	3.0	6.0	0.21898763651213274	0.06691183000253088
-1.8164679109234745	cosine	24.0	0.0	3.0	0.24868087536123548	0.04433336645633893
-0.34641022415322925	cosine	24.0	15.0	0.0	0.38825031885400685	0.003930673389220724
0.009857056876712409	cosine	24.0	15.0	9.0	0.32103858771945964	0.013980433055581136
-0.6955030954639324	cosine	24.0	0.0	3.0	0.24868087536123548	0.04433336645633893
-0.09601334492779467	cosine	24.0	15.0	21.0	0.10098557463837504	0.24467319711431257
1.228175069712278	cosine	24.0	18.0	21.0	0.3461093276215867	0.008906808161730659
-1.0267485815092725	cosine	24.0	3.0	6.0	0.30064404334716527	0.019784814684414773
1.784801969195815	cosine	24.0	6.0	15.0	0.26352749478578685	0.03560678181850737
-0.07492163270926398	cosine	24.0	12.0	6.0	0.2239804100368323	0.06259195697574524
-0.4781457374100801	cosine	24.0	15.0	18.0	0.2816048697307362	0.026935575910470858
0.23265918401587996	cosine	24.0	21.0	15.0	0.3852412662130603	0.004177612898480811
0.17109329213206118	cosine	24.0	0.0	6.0	0.23799881093859857	0.05162016738148153
0.49524515795781726	cosine	24.0	0.0	18.0	0.2952532097773707	0.02162395005989455
0.1738038096744678	cosine	24.0	3.0	6.0	0.2857974239226139	0.02519881865604328
0.057802910149663475	cosine	24.0	21.0	18.0	0.2633440536251203	0.03570531001355481
-0.12314817716535907	cosine	24.0	12.0	9.0	0.14586805225543062	0.15899064436178167
-0.08879883837586042	cosine	24.0	0.0	3.0	0.2783741142103382	0.0283411053804827
-0.47707529545478017	cosine	24.0	15.0	0.0	0.29950738883023387	0.02016114215609676
0.119893051815757	cosine	24.0	21.0	0.0	0.3142978771675294	0.015710968084713377
0.03955966502607815	cosine	24.0	6.0	3.0	0.2264109462244084	0.060569228522496806
-1.2966544689395116	cosine	24.0	9.0	15.0	0.291174533047882	0.023109639719022
0.8583013087279852	cosine	24.0	9.0	6.0	0.28689034348968306	0.024761821716796587
-1.8221941415772664	cosine	24.0	12.0	15.0	0.49186983912968585	0.00037947381501070684
-0.17064906578819913	cosine	24.0	0.0	3.0	0.2857974239226139	0.02519881865604328
0.27482580174819177	cosine	24.0	15.0	18.0	0.15394399545280243	0.1459636853800239
-0.03963951950002457	cosine	24.0	6.0	15.0	0.330337282196268	0.011864341762666228
0.9651460477912828	cosine	24.0	6.0	3.0	0.3526072113330951	0.00789022129915346
1.2563632227923125	cosine	24.0	12.0	21.0	0.28689034348968306	0.024761821716796587
0.573047757404056	cosine	24.0	6.0	0.0	0.2603111994640922	0.03736692036454452
1.084004649331165	cosine	24.0	3.0	15.0	0.2952532097773707	0.02162395005989455
-1.8970206898844326	cosine	24.0	3.0	0.0	0.21898763651213274	0.06691183000253088
-0.34077637337161876	cosine	24.0	21.0	3.0	0.2952532097773707	0.02162395005989455
-1.3873793304554656	cosine	24.0	15.0	12.0	0.25156701695945766	0.04251378781533029
0.27310911151407546	cosine	24.0	6.0	9.0	0.2421801600886935	0.04866185976418303
-2.169725576390294	cosine	24.0	21.0	0.0	0.22555494714375637	0.0612756889104502
-1.3869722297595073	cosine	24.0	9.0	6.0	0.23472846285519525	0.05403216505640069
-0.9280795062762313	cosine	24.0	18.0	0.0	0.4502611449104903	0.0010263673653035312
-2.036831449950704	cosine	24.0	0.0	6.0	0.26774866230592337	0.033400440030095055
0.069620449640605	cosine	24.0	15.0	9.0	0.19411635536525468	0.09193660660926267
1.0197906103073588	cosine	24.0	21.0	0.0	0.23295019131240413	0.055380662873957556
-0.47334963871066504	cosine	24.0	18.0	21.0	0.19562701126437507	0.09024213396007019
-1.034947238643536	cosine	24.0	6.0	9.0	0.3241488296571744	0.013239016787172118
-0.28083294182269314	cosine	24.0	6.0	3.0	0.2264109462244084	0.060569228522496806
1.2831489655878496	cosine	24.0	9.0	21.0	0.47138016672950606	0.0006253118123086274
0.924577569020876	cosine	24.0	12.0	15.0	0.4017562808158503	0.002975859456052734
-0.14942959680848092	cosine	24.0	0.0	21.0	0.2551359238183474	0.04034778682105685
1.0702206289007088	cosine	24.0	0.0	3.0	0.3897237598944735	0.0038145915220834077
0.3653658639562887	cosine	24.0	21.0	18.0	0.2783922852608415	0.028333032653019858
-0.16187893507400172	cosine	24.0	6.0	3.0	0.08536806169117038	0.27946517588573627
-0.7866537089921625	cosine	24.0	15.0	0.0	0.21076445880646086	0.0745247925817003
-0.27683841712189183	cosine	24.0	0.0	12.0	0.2509652283107651	0.042888118888463896
0.5317163751072965	cosine	24.0	6.0	9.0	0.23472846285519525	0.05403216505640069
-0.39442070608774366	cosine	24.0	0.0	15.0	0.23295019131240413	0.055380662873957556
-0.22942686950118127	cosine	24.0	21.0	3.0	0.28049054928850214	0.02741363646522646
-1.3031206342973927	cosine	24.0	12.0	6.0	0.17171831436157145	0.11988014354567555
-0.576282439454477	cosine	24.0	3.0	6.0	0.20414101708758137	0.08112374916958642
-2.01063198649834	cosine	24.0	9.0	6.0	0.2645352517891883	0.03506947273840929
0.7636450462954871	cosine	24.0	12.0	6.0	0.2687764920441988	0.03288060196554171
1.3281436542117726	cosine	24.0	3.0	21.0	0.14024527464425107	0.16849709470074392
0.6762029484891611	cosine	24.0	9.0	6.0	0.21982506838819874	0.06617158668631351
0.27458037944205754	cosine	24.0	18.0	21.0	0.18057877962865393	0.10818374624007071
0.246385443387833	cosine	24.0	18.0	21.0	0.31601286435014436	0.015254106285572607
1.5138154058444553	cosine	24.0	18.0	21.0	0.3385852118037261	0.01022576234529446
0.13723032513973416	cosine	24.0	18.0	21.0	0.24829582198939915	0.044580801125198674
0.11378324520774115	cosine	24.0	9.0	6.0	0.19001827945420569	0.09665182047357779
0.0453881888939088	cosine	24.0	3.0	0.0	0.24125756564895978	0.04930266217726652
0.3184636583981803	cosine	24.0	12.0	0.0	0.24358389806633082	0.04769966180633572
-0.15158146552862295	cosine	24.0	18.0	15.0	0.18398184822408098	0.10391722445107726
-1.2955850140619263	cosine	24.0	21.0	0.0	0.35127409801076814	0.008090044838256295
1.0705051787516213	cosine	24.0	18.0	15.0	0.25156701695945766	0.04251378781533029
0.5888027548233149	cosine	24.0	0.0	6.0	0.23056134809676734	0.057233835382467506
-1.9368303499402033	cosine	24.0	0.0	21.0	0.33648360967347263	0.010623344634627566
-1.885251669174288	cosine	24.0	12.0	18.0	0.2698162502479727	0.03236153477515324
-0.5156380414578184	cosine	24.0	21.0	18.0	0.21819935871795682	0.06761446149507122
1.6865234195051069	cosine	24.0	12.0	15.0	0.34168057527329326	0.009663826561076
-0.5550916983198805	cosine	24.0	6.0	9.0	0.3092454351901779	0.01712572740233685
1.6313961730702122	cosine	24.0	21.0	0.0	0.24034543548105186	0.04994280222373064
0.04769053168976864	cosine	24.0	21.0	0.0	0.3216931213361771	0.01382149916799702
-0.4600641828471124	cosine	24.0	15.0	18.0	0.2590764801522773	0.03806123580744964
0.04500894419168548	cosine	24.0	15.0	6.0	0.5159200250031601	0.0002062175984669419
2.8153659579682624	cosine	24.0	3.0	6.0	0.4268403084558519	0.0017380915166549582
-0.05805696204096843	cosine	24.0	3.0	0.0	0.16702446852620292	0.12642548136726045
-1.1968659002982398	cosine	24.0	15.0	18.0	0.2891143329235558	0.023892184636934675
1.1625238357531733	cosine	24.0	0.0	9.0	0.3216931213361771	0.01382149916799702
-0.6036586157676199	cosine	24.0	3.0	18.0	0.14420726128863112	0.16176125330350544
-1.0279235823484132	cosine	24.0	9.0	6.0	0.25708355455569004	0.03920408275739036
1.9451194975931505	cosine	24.0	15.0	12.0	0.3717184280445718	0.005467174495423315
0.2863621210469754	cosine	24.0	3.0	12.0	0.4104360513599501	0.0024782190637700975
0.914310233861628	cosine	24.0	6.0	9.0	0.2794386462561848	0.02787139059585182
-1.0563566040223211	cosine	24.0	21.0	6.0	0.36003052104537075	0.00685497779106477
-0.8573819118942333	cosine	24.0	3.0	18.0	0.1885787263005176	0.09834961988888624
0.10031153987949878	cosine	24.0	9.0	0.0	0.29211214466158614	0.02276070879876716
0.3933168444960384	cosine	24.0	6.0	9.0	0.2421801600886935	0.04866185976418303
0.67859243938778	cosine	24.0	3.0	6.0	0.13733122967710018	0.17356475677209343
-1.851034644687027	cosine	24.0	18.0	9.0	0.24868087536123548	0.04433336645633893
0.36507143560234945	cosine	24.0	15.0	18.0	0.19900077460972024	0.08654178804169727
-0.10759745482128973	cosine	24.0	12.0	3.0	0.4769932488777799	0.0005463493182082269
1.277451402107922	cosine	24.0	3.0	18.0	0.29950738883023387	0.02016114215609676
0.3019070569328889	cosine	24.0	15.0	12.0	0.13141560587434356	0.18414709071421098
-0.5460630161111196	cosine	24.0	18.0	15.0	0.2816048697307362	0.026935575910470858
-0.4007197543219113	cosine	24.0	18.0	0.0	0.6421757312657813	5.504452544167479e-06
-0.7201596498912729	cosine	24.0	21.0	15.0	0.3253979627236529	0.012950952528887621
-0.5043434734730826	cosine	24.0	15.0	9.0	0.29864054671577644	0.02045220334565448
0.06448119471468787	cosine	24.0	21.0	6.0	0.30064404334716527	0.019784814684414773
-1.1107189078549933	cosine	24.0	9.0	6.0	0.4582793798601431	0.000852303292498541
-0.4592694847563219	cosine	24.0	21.0	15.0	0.42264333089394	0.0019053409706262982
0.7096805093156157	cosine	24.0	21.0	3.0	0.28049054928850214	0.02741363646522646
-1.2051424651963323	cosine	24.0	15.0	12.0	0.25156701695945766	0.04251378781533029
-0.35083682820150586	cosine	24.0	12.0	6.0	0.18665034169736025	0.10065802899450232
-0.9664255507097368	cosine	24.0	3.0	0.0	0.43426361816812764	0.0014746410900555347
-1.5240036325499557	cosine	24.0	3.0	0.0	0.24125756564895978	0.04930266217726652
-1.375797396658992	cosine	24.0	18.0	3.0	0.24034543548105186	0.04994280222373064
-0.2628026431205063	cosine	24.0	0.0	21.0	0.21076445880646086	0.0745247925817003
2.305561933562581	cosine	24.0	18.0	12.0	0.3297754169697444	0.011983823411287356
-0.2823872210989759	cosine	24.0	0.0	3.0	0.20414101708758137	0.08112374916958642
1.020095172581741	cosine	24.0	18.0	0.0	0.2952532097773707	0.02162395005989455
-0.3613509682679656	cosine	24.0	0.0	3.0	0.26352749478578685	0.03560678181850737
-1.7384653628356996	cosine	24.0	9.0	6.0	0.19746997668770394	0.08820646422125328
-1.7752053926049562	cosine	24.0	6.0	9.0	0.31669713242367614	0.015075032280515356
1.7064884211067919	cosine	24.0	3.0	6.0	0.24868087536123548	0.04433336645633893
-0.04207126399891146	cosine	24.0	21.0	6.0	0.18929439766303	0.09750285144846599
0.5290931804845864	cosine	24.0	18.0	21.0	0.12038585308576928	0.20492337091312107
0.08644024493105558	cosine	24.0	12.0	15.0	0.20651023780253988	0.07871439991892487
-0.29804469482496104	cosine	24.0	12.0	18.0	0.17238260432509367	0.1189734811540229
-0.17863341439369854	cosine	24.0	9.0	12.0	0.10846598757455098	0.2288741223274814
0.6299534815212854	cosine	24.0	21.0	18.0	0.18810289544651448	0.09891558665411498
0.8157642052268289	cosine	24.0	3.0	6.0	0.36003052104537075	0.00685497779106477
0.2813012388174927	cosine	24.0	6.0	3.0	0.39714706960674917	0.0032752197042900965
0.6644684174335302	cosine	24.0	18.0	15.0	0.41677520720148953	0.002163732623355074
-2.673379454219462	cosine	24.0	6.0	21.0	0.3377605919085437	0.010380190257282039
-0.687504454371487	cosine	24.0	3.0	6.0	0.17444777823847862	0.11618577088949705
0.45896473627492984	cosine	24.0	0.0	6.0	0.17849910820394893	0.11085238011984289
-0.570187220613372	cosine	24.0	18.0	15.0	0.16145345864562208	0.13451203512311516
1.0663012069138091	cosine	24.0	15.0	12.0	0.1914913114169006	0.09493692298572759
0.5073075482896227	cosine	24.0	3.0	0.0	0.20414101708758137	0.08112374916958642
-0.8382964600819001	cosine	24.0	6.0	3.0	0.21156432679985704	0.0737564416596048
0.09978121849057076	cosine	24.0	12.0	18.0	0.23983666688708685	0.050302729438385485
0.6787789973178724	cosine	24.0	12.0	9.0	0.33287837565982886	0.011336791543103485
0.08802913532774427	cosine	24.0	12.0	15.0	0.2140197009953595	0.07143562183788349
-2.1072226155577436	cosine	24.0	0.0	21.0	0.28471690049293835	0.0256371939762934
-0.7768357285754469	cosine	24.0	21.0	15.0	0.2505938333618936	0.043120464095440875
1.641144904912976	cosine	24.0	21.0	18.0	0.2633440536251203	0.03570531001355481
0.2439446310325883	cosine	24.0	12.0	15.0	0.19900077460972024	0.08654178804169727
-0.5595877786022527	cosine	24.0	21.0	18.0	0.36115755925730786	0.006708771770159142
0.6126074790299365	cosine	24.0	0.0	21.0	0.3586693421794159	0.0070353044355588755
0.8189529657411809	cosine	24.0	0.0	21.0	0.23295019131240413	0.055380662873957556
0.2503697298942101	cosine	24.0	6.0	9.0	0.25708355455569004	0.03920408275739036
-1.2398718455287119	cosine	24.0	18.0	9.0	0.21898763651213274	0.06691183000253088
-2.0496508468745436	cosine	24.0	15.0	12.0	0.22903862738099875	0.05844034568396187
2.0285173625435258	cosine	24.0	3.0	6.0	0.2932207336348896	0.022353887279688553
-0.2662886804042348	cosine	24.0	18.0	21.0	0.39877813834661074	0.003166321156986693
0.03216438831131964	cosine	24.0	0.0	18.0	0.22143990733302804	0.06476208627439409
-1.0894774753607919	cosine	24.0	0.0	3.0	0.2857974239226139	0.02519881865604328
-1.7831024334947212	cosine	24.0	18.0	3.0	0.3142978771675294	0.015710968084713377
1.1692470398702492	cosine	24.0	15.0	18.0	0.17647238503126134	0.1134981303078686
-0.27779567455874543	cosine	24.0	21.0	0.0	0.4178312955285979	0.0021150055896341437
0.014993729838099963	cosine	24.0	9.0	12.0	0.2206721816171899	0.0654292553875976
0.1734580395761174	cosine	24.0	0.0	3.0	0.24868087536123548	0.04433336645633893
0.8042444421118244	cosine	24.0	3.0	18.0	0.12941677295133563	0.18781168020979827
-0.7775844883380821	cosine	24.0	3.0	21.0	0.2952532097773707	0.02162395005989455
0.21392455737069854	cosine	24.0	15.0	18.0	0.4317941335871288	0.0015579361924007947
0.02450038089469011	cosine	24.0	3.0	6.0	0.2338342559366841	0.05470697449766232
-1.0261600341373602	cosine	24.0	3.0	18.0	0.17378823796322213	0.11707097859576515
-0.9535831837062062	cosine	24.0	18.0	9.0	0.2709508044980625	0.03180287707901677
-0.40542139341917793	cosine	24.0	18.0	21.0	0.2257234745358174	0.061136095767155875
-0.31455976229628885	cosine	24.0	3.0	6.0	0.30064404334716527	0.019784814684414773
-0.3015634247606818	cosine	24.0	15.0	9.0	0.30610656038367084	0.018058395440036235
-0.30579320018894257	cosine	24.0	21.0	18.0	0.43639871743591363	0.0014059223976720723
1.9733223599222385	cosine	24.0	12.0	6.0	0.29864054671577644	0.02045220334565448
0.009893187304970142	cosine	24.0	3.0	0.0	0.18929439766303	0.09750285144846599
-1.6426572487451434	cosine	24.0	15.0	12.0	0.16896292183844172	0.12369283503412826
-0.6175944123296144	cosine	24.0	21.0	18.0	0.17305466381079335	0.11806115286078062
-1.2818140216676572	cosine	24.0	9.0	21.0	0.30806735305944094	0.01747083493063007
-0.10260393623404541	cosine	24.0	18.0	21.0	0.18810289544651448	0.09891558665411498
-0.42502952247093595	cosine	24.0	0.0	15.0	0.3586693421794159	0.0070353044355588755
1.4590305858029171	cosine	24.0	18.0	0.0	0.3469225214884106	0.008773600268086433
0.6268410474581665	cosine	24.0	9.0	12.0	0.35531961446835664	0.007497010747590814
0.7219897446362972	cosine	24.0	21.0	12.0	0.3390522241241709	0.010139196014009982
0.1680735374038112	cosine	24.0	0.0	21.0	0.3216931213361771	0.01382149916799702
0.0073938243767209914	cosine	24.0	18.0	12.0	0.32228052112952293	0.013680195882558224
-0.7778363517011195	cosine	24.0	3.0	6.0	0.11506130054027312	0.2154327694040179
2.1649837786947215	cosine	24.0	6.0	3.0	0.330337282196268	0.011864341762666228
-0.8574096909833309	cosine	24.0	12.0	18.0	0.3972294795317376	0.0032696378165009638
-0.707230550538455	cosine	24.0	15.0	21.0	0.24311342042571768	0.04802044059311893
1.5996915838014392	cosine	24.0	15.0	18.0	0.13141560587434356	0.18414709071421098
-1.155493200936965	cosine	24.0	3.0	0.0	0.30806735305944094	0.01747083493063007
0.16311393574544505	cosine	24.0	6.0	9.0	0.227276765621697	0.05986116155126607
1.0605699295054332	cosine	24.0	15.0	9.0	0.19411635536525468	0.09193660660926267
-0.4135436858952512	cosine	24.0	3.0	6.0	0.18929439766303	0.09750285144846599
-1.6778805253935383	cosine	24.0	21.0	0.0	0.35127409801076814	0.008090044838256295
-0.7754072062649042	cosine	24.0	0.0	12.0	0.2509652283107651	0.042888118888463896
0.6359600593224801	cosine	24.0	15.0	12.0	0.19900077460972024	0.08654178804169727
-0.24902842988377183	cosine	24.0	3.0	0.0	0.17444777823847862	0.11618577088949705
-0.16601404163798714	cosine	24.0	9.0	15.0	0.3509026423910373	0.008146509643390648
-1.286640646316784	cosine	24.0	0.0	21.0	0.24034543548105186	0.04994280222373064
-0.17869477087535343	cosine	24.0	9.0	15.0	0.30610656038367084	0.018058395440036235
0.27519430536473244	cosine	24.0	0.0	12.0	0.3469225214884106	0.008773600268086433
0.41433293056033343	cosine	24.0	21.0	15.0	0.2206721816171899	0.0654292553875976
-0.7964089997529297	cosine	24.0	15.0	0.0	0.29211214466158614	0.02276070879876716
-0.1121955495879525	cosine	24.0	6.0	3.0	0.2264109462244084	0.060569228522496806
-0.9223761671550941	cosine	24.0	3.0	21.0	0.26572788879963366	0.03444220575113408
-1.9776612136621368	cosine	24.0	9.0	15.0	0.29864054671577644	0.02045220334565448
0.6230034651673244	cosine	24.0	6.0	9.0	0.21237337115470045	0.07298545049751572
-1.0945764930928135	cosine	24.0	9.0	21.0	0.330337282196268	0.011864341762666228
1.0412293448916916	cosine	24.0	3.0	0.0	0.19671770737530567	0.08903321910476264
0.29436179832760867	cosine	24.0	0.0	3.0	0.330337282196268	0.011864341762666228
-0.6769794153211494	cosine	24.0	15.0	18.0	0.11639667948870429	0.21276808318223123
-0.4841525130992021	cosine	24.0	0.0	6.0	0.37931060493339147	0.0047052989719750865
1.7558658481834608	cosine	24.0	18.0	15.0	0.2365480905738184	0.052679346147498834
1.1150976449106267	cosine	24.0	6.0	0.0	0.364435679249729	0.006299060954990374
1.5302384707723584	cosine	24.0	9.0	6.0	0.3241488296571744	0.013239016787172118
-1.534053310979502	cosine	24.0	18.0	9.0	0.32291397248399234	0.01352921307913464
0.04935002114557414	cosine	24.0	0.0	3.0	0.2857974239226139	0.02519881865604328
-0.20023869544593115	cosine	24.0	6.0	12.0	0.17918432802946585	0.10996794592401771
-0.5083704866385467	cosine	24.0	15.0	18.0	0.326661648887654	0.01266506290239042
-0.3497363132761723	cosine	24.0	12.0	9.0	0.33287837565982886	0.011336791543103485
-1.5889307578442382	cosine	24.0	3.0	18.0	0.20336921463781313	0.08192052243423542
-0.6396270744815293	cosine	24.0	6.0	9.0	0.2794386462561848	0.02787139059585182
-0.02191612916520409	cosine	24.0	12.0	15.0	0.2891143329235558	0.023892184636934675
-0.9391732070869587	cosine	24.0	15.0	9.0	0.4255627790699814	0.0017875290067478741
-1.247498066087895	cosine	24.0	21.0	18.0	0.24077170617153856	0.0496428218829794
-1.5242271404769234	cosine	24.0	3.0	6.0	0.19671770737530567	0.08903321910476264
2.4120265600579582	cosine	24.0	3.0	0.0	0.30064404334716527	0.019784814684414773
2.2957259715371605	cosine	24.0	12.0	15.0	0.24405755376663804	0.047378451921575866
0.3806653293779402	cosine	24.0	18.0	15.0	0.2365480905738184	0.052679346147498834
1.582959692680221	cosine	24.0	15.0	12.0	0.17647238503126134	0.1134981303078686
-0.9348027229103041	cosine	24.0	18.0	21.0	0.19562701126437507	0.09024213396007019
-0.9688530974907772	cosine	24.0	15.0	21.0	0.3478392015321807	0.008625537378454924
-0.9672162858436715	cosine	24.0	6.0	3.0	0.2932207336348896	0.022353887279688553
0.4453408256693663	cosine	24.0	0.0	18.0	0.30263454002180495	0.019140153805216078
0.875300357018295	cosine	24.0	21.0	18.0	0.31601286435014436	0.015254106285572607
0.09450603952855054	cosine	24.0	18.0	12.0	0.20236218768597952	0.08296897952321058
0.4892169272222294	cosine	24.0	12.0	6.0	0.5375529840883976	0.00011657316552870127
-0.03854262006707542	cosine	24.0	3.0	6.0	0.17444777823847862	0.11618577088949705
0.7898546164730967	cosine	24.0	15.0	18.0	0.3341711120804736	0.011076319946854101
-1.496040953962719	cosine	24.0	18.0	12.0	0.4347039587328449	0.0014602226725413093
0.4417031331077331	cosine	24.0	3.0	6.0	0.2857974239226139	0.02519881865604328
-1.60292960137599	cosine	24.0	6.0	9.0	0.2794386462561848	0.02787139059585182
1.0852348455049423	cosine	24.0	9.0	12.0	0.17578970400013433	0.11439938205227845
-0.4198835203552669	cosine	24.0	0.0	21.0	0.21815970297510862	0.06764995867882109
-0.07225971220370615	cosine	24.0	6.0	21.0	0.3674538307576464	0.00594159154192835
0.44068444277476065	cosine	24.0	18.0	15.0	0.27409540653791653	0.03029598352690821
0.6417529498656519	cosine	24.0	6.0	12.0	0.2613104783763044	0.03681260452934408
1.0424617322746903	cosine	24.0	6.0	3.0	0.4045703793190249	0.002805441148677372
-0.07346102745617841	cosine	24.0	0.0	3.0	0.18929439766303	0.09750285144846599
0.19529325167285902	cosine	24.0	0.0	21.0	0.11462628461404012	0.21630498612695365
-0.7632247503767462	cosine	24.0	15.0	12.0	0.41677520720148953	0.002163732623355074
-1.0965580556134258	cosine	24.0	6.0	0.0	0.20824895957127373	0.07698101426976775
-0.05375891852801427	cosine	24.0	6.0	0.0	0.47599762187719713	0.0005596456464116427
0.5289426734119754	cosine	24.0	12.0	15.0	0.2365480905738184	0.052679346147498834
-1.242567747777841	cosine	24.0	3.0	6.0	0.37487714046992215	0.0051377970621272195
-0.7257266460161529	cosine	24.0	6.0	15.0	0.1818710879507543	0.10654892958100276
-0.6974907938121608	cosine	24.0	12.0	18.0	0.14989791680442927	0.15239786093754165
0.1707922912305742	cosine	24.0	18.0	21.0	0.3009646327144232	0.019679757062280118
-1.8735053721772128	cosine	24.0	21.0	0.0	0.2551359238183474	0.04034778682105685
-0.5344201814071464	cosine	24.0	15.0	18.0	0.25156701695945766	0.04251378781533029
0.308285830584415	cosine	24.0	12.0	15.0	0.24405755376663804	0.047378451921575866
-1.2704562973152105	cosine	24.0	9.0	12.0	0.35531961446835664	0.007497010747590814
-0.16448210198192903	cosine	24.0	9.0	6.0	0.39121410475865875	0.003700313337904557
-0.47072670394531035	cosine	24.0	21.0	18.0	0.18057877962865393	0.10818374624007071
-1.1161486405177221	cosine	24.0	18.0	9.0	0.43426361816812764	0.0014746410900555347
-0.7868369097876049	cosine	24.0	9.0	3.0	0.39418553061705386	0.003481589939211225
1.3147029262184398	cosine	24.0	0.0	3.0	0.32291397248399234	0.01352921307913464
-1.4187591077399766	cosine	24.0	15.0	12.0	0.26658594334509694	0.03399663812377356
-0.29006428831656045	cosine	24.0	6.0	9.0	0.28689034348968306	0.024761821716796587
-0.40615549962545233	cosine	24.0	15.0	12.0	0.10137775310306503	0.24383056159149213
0.3897419891274176	cosine	24.0	6.0	9.0	0.3017937379566796	0.019410252116110444
0.2886586456572426	cosine	24.0	15.0	12.0	0.2891143329235558	0.023892184636934675
0.2209750702192437	cosine	24.0	15.0	6.0	0.26352749478578685	0.03560678181850737
-0.22428430821778877	cosine	24.0	18.0	0.0	0.26572788879963366	0.03444220575113408
0.37401589296635523	cosine	24.0	6.0	0.0	0.21568642241310496	0.06989245255810622
-1.0803430612069593	cosine	24.0	21.0	3.0	0.2066772468441595	0.07854663026645384
1.054887275303144	cosine	24.0	3.0	0.0	0.14475453938937588	0.160844803171809
-1.021784948382213	cosine	24.0	15.0	12.0	0.1914913114169006	0.09493692298572759
0.7333501942777356	cosine	24.0	12.0	21.0	0.39121410475865875	0.003700313337904557
-0.0906163946341354	cosine	24.0	15.0	18.0	0.2590764801522773	0.03806123580744964
-0.31133183402156556	cosine	24.0	18.0	9.0	0.4639568570172304	0.0007459471323478724
-0.749982451772924	cosine	24.0	21.0	15.0	0.1608288781277825	0.13544029453589856
-1.4815857496618807	cosine	24.0	0.0	9.0	0.21815970297510862	0.06764995867882109
0.6317059231354696	cosine	24.0	18.0	21.0	0.15800643217507218	0.13968972354679038
-1.1372677013362873	cosine	24.0	9.0	15.0	0.20158236903314908	0.08378779091821886
-1.0211232522628753	cosine	24.0	21.0	0.0	0.19597397046916537	0.08985625322931617
-0.8824723210526811	cosine	24.0	0.0	3.0	0.11506130054027312	0.2154327694040179
-0.386678802865881	cosine	24.0	18.0	6.0	0.14818474149146238	0.1551780834750049
0.8659270928915427	cosine	24.0	12.0	9.0	0.24311342042571768	0.04802044059311893
-1.538522903931218	cosine	24.0	3.0	12.0	0.2699264121556429	0.03230693818080994
1.6814278260153517	cosine	24.0	9.0	21.0	0.36003052104537075	0.00685497779106477
-0.26285968048127334	cosine	24.0	18.0	15.0	0.2590764801522773	0.03806123580744964
1.2644308861844746	cosine	24.0	15.0	9.0	0.32103858771945964	0.013980433055581136
-1.1019490715401217	cosine	24.0	9.0	15.0	0.291174533047882	0.023109639719022
-0.017885874340910466	cosine	24.0	12.0	9.0	0.2206721816171899	0.0654292553875976
-0.7620704994162126	cosine	24.0	9.0	12.0	0.23563300748954177	0.05335627493079011
1.5354379650883685	cosine	24.0	12.0	6.0	0.291174533047882	0.023109639719022
1.8738431284889427	cosine	24.0	12.0	15.0	0.13141560587434356	0.18414709071421098
-0.8590593282094432	cosine	24.0	21.0	18.0	0.2558199378072597	0.039943065844359166
-1.386176443060625	cosine	24.0	6.0	18.0	0.370461853728656	0.0056033368740936364
-1.4730278690923628	cosine	24.0	0.0	18.0	0.16238926537755388	0.1331294177656946
-0.4235283527896352	cosine	24.0	0.0	21.0	0.1589977496259266	0.13818700065494172
0.4810498643274229	cosine	24.0	9.0	18.0	0.3377605919085437	0.010380190257282039
1.5329690504280113	cosine	24.0	0.0	12.0	0.35430385173284484	0.007642194440630212
-1.622300531673042	cosine	24.0	9.0	12.0	0.2954763109789492	0.021545066942792488
-0.05430660059606782	cosine	24.0	6.0	9.0	0.13040470158621958	0.18599485111582204
0.7494072161969972	cosine	24.0	18.0	15.0	0.10888721629588466	0.22800182111776734
-0.7677229193391099	cosine	24.0	18.0	21.0	0.21067524290009623	0.0746108704887449
0.6454525340183142	cosine	24.0	21.0	15.0	0.28051548510659735	0.027402861731981906
1.6634511653108521	cosine	24.0	6.0	3.0	0.3823004501821978	0.004432269204779407
-1.7175745644403448	cosine	24.0	15.0	12.0	0.2365480905738184	0.052679346147498834
0.557971008472819	cosine	24.0	9.0	12.0	0.12342681344690283	0.19906049418466365
-1.8444473066113807	cosine	24.0	3.0	6.0	0.2264109462244084	0.060569228522496806
-0.12570679871970983	cosine	24.0	18.0	15.0	0.326661648887654	0.01266506290239042
2.619708863122693	cosine	24.0	12.0	6.0	0.19411635536525468	0.09193660660926267
2.547506339289221	cosine	24.0	9.0	6.0	0.25708355455569004	0.03920408275739036
0.05616684145468021	cosine	24.0	15.0	12.0	0.24405755376663804	0.047378451921575866
-1.2342280811211306	cosine	24.0	0.0	3.0	0.24125756564895978	0.04930266217726652
0.7096506311919902	cosine	24.0	0.0	18.0	0.3173972005106735	0.014893695995628085
-0.10333704810808783	cosine	24.0	12.0	9.0	0.17578970400013433	0.11439938205227845
1.2628679773326599	cosine	24.0	18.0	6.0	0.17041245271518174	0.12167663570898629
-0.218953600787841	cosine	24.0	18.0	0.0	0.4724051356437931	0.0006101492706621064
0.08559088610422318	cosine	24.0	9.0	6.0	0.2421801600886935	0.04866185976418303
0.6783672243513046	cosine	24.0	6.0	9.0	0.16021149052021263	0.13636216882002333
0.813088573698411	cosine	24.0	18.0	15.0	0.3041332593091951	0.01866662856252859
-0.5819297520770536	cosine	24.0	0.0	6.0	0.2974985136732482	0.020841095044795872
0.7615218909285371	cosine	24.0	15.0	6.0	0.12248461025254881	0.20086613625359467
1.0351747007137801	cosine	24.0	9.0	18.0	0.2709508044980625	0.03180287707901677
-0.09741651310090459	cosine	24.0	0.0	6.0	0.22312388525493615	0.06331718635548518
2.241126819810056	cosine	24.0	18.0	21.0	0.51916399143238	0.00018956214755187466
0.6387904603482731	cosine	24.0	12.0	9.0	0.1608288781277825	0.13544029453589856
1.3311171412915874	cosine	24.0	21.0	0.0	0.15160250545727888	0.14966458474778954
0.08960739333187051	cosine	24.0	15.0	21.0	0.4002020920854122	0.0030739268367153947
1.2511553686050954	cosine	24.0	21.0	18.0	0.27086816944298087	0.031843296004397496
0.4116360074366793	cosine	24.0	12.0	18.0	0.3147856252893015	0.015579855729601268
-2.417441627851181	cosine	24.0	21.0	0.0	0.34387885384212036	0.009281315096840078
-0.7762430477394436	cosine	24.0	6.0	21.0	0.41199368903130057	0.0023973316316347427
-0.9172743925334622	cosine	24.0	15.0	3.0	0.16238926537755388	0.1331294177656946
1.2452242782413485	cosine	24.0	0.0	3.0	0.21156432679985704	0.0737564416596048
-1.042254629455207	cosine	24.0	0.0	6.0	0.3421232907242354	0.009585702427533002
1.2473580943098221	cosine	24.0	0.0	21.0	0.3069026329988816	0.017817847893956983
0.29295605354284776	cosine	24.0	12.0	15.0	0.22903862738099875	0.05844034568396187
0.06698980385498875	cosine	24.0	15.0	0.0	0.40304080719130236	0.0028969453261565256
0.2663089669094397	cosine	24.0	9.0	6.0	0.24963185732219176	0.04372700742698232
-0.5182611095260707	cosine	24.0	18.0	15.0	0.29662379611637546	0.021143176383724687
3.161412141748337	cosine	24.0	15.0	12.0	0.24405755376663804	0.047378451921575866
-0.9113907449109883	cosine	24.0	18.0	12.0	0.3522601044904088	0.007941827497483006
-2.0918894360351166	cosine	24.0	15.0	18.0	0.22152916418817914	0.06468486429452701
1.2177647716934417	cosine	24.0	18.0	21.0	0.27086816944298087	0.031843296004397496
0.04422772372750252	cosine	24.0	15.0	9.0	0.291174533047882	0.023109639719022
-0.23859023622434958	cosine	24.0	12.0	15.0	0.16896292183844172	0.12369283503412826
-1.1705397931286112	cosine	24.0	21.0	18.0	0.13543408472149043	0.17691556091276012
1.0689367812563537	cosine	24.0	0.0	18.0	0.21405857708859377	0.07139933215686703
-1.2064845431724895	cosine	24.0	9.0	12.0	0.3029567239151251	0.019037505968002938
1.4950697755101994	cosine	24.0	0.0	3.0	0.30806735305944094	0.01747083493063007
1.543872976221244	cosine	24.0	6.0	9.0	0.17511488498720915	0.11529525052334588
-0.6766933479238038	cosine	24.0	12.0	6.0	0.41063075173419256	0.002467975134408087
0.39639228605535975	cosine	24.0	21.0	18.0	0.18810289544651448	0.09891558665411498
-0.6885542720315244	cosine	24.0	18.0	0.0	0.2952532097773707	0.02162395005989455
-1.4937113847078967	cosine	24.0	18.0	21.0	0.35363344343944725	0.0077393670907879575
1.1698853409778833	cosine	24.0	15.0	21.0	0.31043713685130103	0.016782574144907064
0.662759810904806	cosine	24.0	18.0	21.0	0.20315112708223565	0.08214673110717585
-1.1268069089130432	cosine	24.0	21.0	3.0	0.22143990733302804	0.06476208627439409
1.153884975778151	cosine	24.0	18.0	21.0	0.28591640107870203	0.025150935058516143
-2.412640314289649	cosine	24.0	6.0	9.0	0.10804960988572479	0.22973821551490692
0.45545283827120264	cosine	24.0	12.0	6.0	0.3658346697268261	0.006131062942941702
-0.23583853815250883	cosine	24.0	15.0	6.0	0.26352749478578685	0.03560678181850737
-1.411311642105016	cosine	24.0	18.0	12.0	0.3147856252893015	0.015579855729601268
0.8187508760465722	cosine	24.0	9.0	15.0	0.2165143963689379	0.06913545510964812
-0.2880488656671097	cosine	24.0	3.0	21.0	0.37644784246614765	0.004980681982243198
0.2124336004891327	cosine	24.0	3.0	6.0	0.2783741142103382	0.0283411053804827
0.9894403884598414	cosine	24.0	18.0	9.0	0.13733122967710018	0.17356475677209343
-1.4993214985617065	cosine	24.0	15.0	18.0	0.4468130599727681	0.001110797488048831
1.5750046154384763	cosine	24.0	21.0	18.0	0.2257234745358174	0.061136095767155875
-0.3517779450679326	cosine	24.0	3.0	0.0	0.41941699874357624	0.0020437099756060832
2.3807852117650636	cosine	24.0	21.0	0.0	0.3290883655048249	0.012131343131205926
-1.4993374166877418	cosine	24.0	15.0	3.0	0.413354493688319	0.00232862927072122
-0.945264486741022	cosine	24.0	12.0	9.0	0.10098557463837504	0.24467319711431257
-1.6961613275631133	cosine	24.0	12.0	9.0	0.23563300748954177	0.05335627493079011
-0.47214880518839253	cosine	24.0	3.0	6.0	0.12248461025254881	0.20086613625359467
0.37621877222967126	cosine	24.0	21.0	18.0	0.28591640107870203	0.025150935058516143
-1.6785015368383036	cosine	24.0	18.0	15.0	0.2365480905738184	0.052679346147498834
0.12090350598324688	cosine	24.0	21.0	18.0	0.29344051689656264	0.02227396573589996
-0.44725339873391395	cosine	24.0	3.0	9.0	0.290061050831417	0.023529860808762543
0.9173199095560091	cosine	24.0	21.0	18.0	0.24829582198939915	0.044580801125198674
0.5418648925023446	cosine	24.0	21.0	9.0	0.41941699874357624	0.0020437099756060832
0.3381064253927779	cosine	24.0	12.0	21.0	0.23472846285519525	0.05403216505640069
0.012596350902702821	cosine	24.0	15.0	12.0	0.4017562808158503	0.002975859456052734
-0.10266266014224879	cosine	24.0	21.0	18.0	0.27086816944298087	0.031843296004397496
-0.11279194092081818	cosine	24.0	15.0	12.0	0.13141560587434356	0.18414709071421098
-0.9500512998733641	cosine	24.0	0.0	21.0	0.21076445880646086	0.0745247925817003
1.009426941843225	cosine	24.0	3.0	12.0	0.22555494714375637	0.0612756889104502
0.8553381260597376	cosine	24.0	15.0	18.0	0.3566995016589325	0.007303677061155208
-0.8576530888372058	cosine	24.0	18.0	15.0	0.36420896485175214	0.006326666384439039
1.467000888000753	cosine	24.0	15.0	12.0	0.22152916418817914	0.06468486429452701
1.1672201429893225	cosine	24.0	3.0	6.0	0.26352749478578685	0.03560678181850737
-1.5882855887652791	cosine	24.0	6.0	9.0	0.28689034348968306	0.024761821716796587
1.247531188599779	cosine	24.0	6.0	9.0	0.12295300435272132	0.19996727842991724
-1.2499293664550732	cosine	24.0	3.0	12.0	0.4843884930464276	0.00045636531009746786
0.4788416293120713	cosine	24.0	6.0	15.0	0.32291397248399234	0.01352921307913464
-1.7233751258791359	cosine	24.0	15.0	18.0	0.3717184280445718	0.005467174495423315
0.9050268728775163	cosine	24.0	0.0	21.0	0.2551359238183474	0.04034778682105685
-2.798484809652174	cosine	24.0	18.0	15.0	0.2590764801522773	0.03806123580744964
-1.5072838927120829	cosine	24.0	0.0	21.0	0.15160250545727888	0.14966458474778954
-0.8229293289192029	cosine	24.0	12.0	9.0	0.2954763109789492	0.021545066942792488
0.2456654725273505	cosine	24.0	0.0	3.0	0.17444777823847862	0.11618577088949705
1.1122753777247507	cosine	24.0	21.0	0.0	0.2625311679869951	0.03614461188618968
1.3425976593323798	cosine	24.0	15.0	12.0	0.19900077460972024	0.08654178804169727
0.7025914007927265	cosine	24.0	18.0	21.0	0.2257234745358174	0.061136095767155875
0.2769623895638413	cosine	24.0	21.0	18.0	0.2783922852608415	0.028333032653019858
-0.31486203061593304	cosine	24.0	6.0	0.0	0.22312388525493615	0.06331718635548518
0.7194311343776411	cosine	24.0	6.0	9.0	0.227276765621697	0.05986116155126607
0.1813750096716744	cosine	24.0	18.0	9.0	0.1818710879507543	0.10654892958100276
0.03753317585267069	cosine	24.0	21.0	0.0	0.28471690049293835	0.0256371939762934
-1.6560554152465232	cosine	24.0	3.0	21.0	0.19929591659972523	0.08622355226943118
-0.5776438814865524	cosine	24.0	3.0	6.0	0.2783741142103382	0.0283411053804827
1.1468491782329386	cosine	24.0	18.0	15.0	0.22152916418817914	0.06468486429452701
1.058064931689515	cosine	24.0	9.0	18.0	0.31549066277171667	0.015391993660926931
-1.300848978131762	cosine	24.0	0.0	6.0	0.32724836504057303	0.012534194594043507
0.11962972450852984	cosine	24.0	21.0	3.0	0.24358389806633082	0.04769966180633572
-1.1183208306055712	cosine	24.0	3.0	0.0	0.2857974239226139	0.02519881865604328
-0.3833990658714669	cosine	24.0	21.0	18.0	0.2558199378072597	0.039943065844359166
1.3805794228605666	cosine	24.0	21.0	18.0	0.18810289544651448	0.09891558665411498
0.6512180136980276	cosine	24.0	18.0	21.0	0.35363344343944725	0.0077393670907879575
-0.4437408141430909	cosine	24.0	0.0	3.0	0.5233433347154358	0.00016995479743994133
0.6183361757135607	cosine	24.0	18.0	12.0	0.14240302096420782	0.1648066137145191
-0.4754057955682995	cosine	24.0	3.0	0.0	0.2857974239226139	0.02519881865604328
0.6619305866489174	cosine	24.0	15.0	9.0	0.24637845104051553	0.04582950804198322
-2.1120749680851323	cosine	24.0	0.0	21.0	0.2625311679869951	0.03614461188618968
-0.22275573523954761	cosine	24.0	12.0	15.0	0.3041332593091951	0.01866662856252859
-0.3594010065056778	cosine	24.0	18.0	15.0	0.2365480905738184	0.052679346147498834
0.08488458792250721	cosine	24.0	9.0	3.0	0.22312388525493615	0.06331718635548518
0.39112055942904606	cosine	24.0	9.0	18.0	0.11506130054027312	0.2154327694040179
-0.6019434316110382	cosine	24.0	0.0	3.0	0.2857974239226139	0.02519881865604328
-0.4248131031304706	cosine	24.0	21.0	18.0	0.17305466381079335	0.11806115286078062
-1.0593458591966347	cosine	24.0	9.0	6.0	0.2943420407231813	0.021948655444004782
-0.4738803550844929	cosine	24.0	18.0	21.0	0.3235369801680049	0.01338212467957003
-0.0019631578477319355	cosine	24.0	6.0	3.0	0.16702446852620292	0.12642548136726045
-0.4042075519554113	cosine	24.0	12.0	9.0	0.2580742462980696	0.03863252516949062
-1.6471532401541815	cosine	24.0	21.0	0.0	0.4178312955285979	0.0021150055896341437
0.8253342985580573	cosine	24.0	12.0	6.0	0.47035886107734787	0.0006407655544181333
-0.6590485135410523	cosine	24.0	15.0	18.0	0.20651023780253988	0.07871439991892487
0.12983276633155785	cosine	24.0	15.0	18.0	0.2365480905738184	0.052679346147498834
-0.8934928491638123	cosine	24.0	0.0	21.0	0.21815970297510862	0.06764995867882109
1.9466858672338845	cosine	24.0	3.0	21.0	0.17715192586642242	0.11260606365924808
0.025942203029442022	cosine	24.0	18.0	21.0	0.24829582198939915	0.044580801125198674
0.2071717802351333	cosine	24.0	0.0	3.0	0.24868087536123548	0.04433336645633893
-0.22630164685997536	cosine	24.0	6.0	9.0	0.12295300435272132	0.19996727842991724
0.48890064874552724	cosine	24.0	3.0	0.0	0.2338342559366841	0.05470697449766232
-0.9846718367329337	cosine	24.0	0.0	3.0	0.41941699874357624	0.0020437099756060832
0.7220539626035108	cosine	24.0	0.0	3.0	0.24868087536123548	0.04433336645633893
0.9847355124154482	cosine	24.0	15.0	12.0	0.15394399545280243	0.1459636853800239
0.6568606120557556	cosine	24.0	18.0	12.0	0.23983666688708685	0.050302729438385485
-1.5445850625401094	cosine	24.0	21.0	0.0	0.29211214466158614	0.02276070879876716
-0.9339573280069962	cosine	24.0	6.0	3.0	0.15217784910165155	0.14874946071331063
-0.7504949971922994	cosine	24.0	6.0	15.0	0.2857974239226139	0.02519881865604328
-0.21845743084242575	cosine	24.0	3.0	0.0	0.17444777823847862	0.11618577088949705
0.14304120408745236	cosine	24.0	18.0	9.0	0.19671770737530567	0.08903321910476264
1.099184113320488	cosine	24.0	3.0	0.0	0.18929439766303	0.09750285144846599
-0.09827528745025872	cosine	24.0	9.0	12.0	0.35531961446835664	0.007497010747590814
-0.5019178872852271	cosine	24.0	0.0	9.0	0.17378823796322213	0.11707097859576515
-0.7708622084100074	cosine	24.0	6.0	3.0	0.19671770737530567	0.08903321910476264
0.7419033954767756	cosine	24.0	9.0	0.0	0.3142978771675294	0.015710968084713377
0.4713686443984897	cosine	24.0	15.0	12.0	0.18398184822408098	0.10391722445107726
-0.9901332210078764	cosine	24.0	0.0	21.0	0.23295019131240413	0.055380662873957556
0.9369686672099877	cosine	24.0	3.0	0.0	0.2709508044980625	0.03180287707901677
-0.726529693638391	cosine	24.0	9.0	12.0	0.4002020920854122	0.0030739268367153947
0.6335282632023448	cosine	24.0	0.0	21.0	0.38825031885400685	0.003930673389220724
-0.9036291085840975	cosine	24.0	6.0	3.0	0.2783741142103382	0.0283411053804827
0.6080949873528534	cosine	24.0	18.0	9.0	0.21898763651213274	0.06691183000253088
-0.947131416411511	cosine	24.0	18.0	21.0	0.20315112708223565	0.08214673110717585
0.6261314244559072	cosine	24.0	15.0	12.0	0.4543225231655877	0.0009344907811765314
1.0025423593888563	cosine	24.0	18.0	15.0	0.19900077460972024	0.08654178804169727
2.6620668679951787	cosine	24.0	9.0	12.0	0.28799589804277326	0.02432625829671131
0.17046481834547675	cosine	24.0	15.0	12.0	0.14643453225998282	0.15805277010113494
-0.9840754953831158	cosine	24.0	3.0	9.0	0.3421232907242354	0.009585702427533002
-1.4988630123101696	cosine	24.0	3.0	0.0	0.2338342559366841	0.05470697449766232
-0.3224648238142218	cosine	24.0	21.0	12.0	0.3092454351901779	0.01712572740233685
-1.8418966409278366	cosine	24.0	3.0	6.0	0.14475453938937588	0.160844803171809
0.1629862601389598	cosine	24.0	0.0	12.0	0.24358389806633082	0.04769966180633572
-0.15137325467825002	cosine	24.0	9.0	15.0	0.23144642370472673	0.05654161670725406
-0.1441115501566587	cosine	24.0	9.0	3.0	0.08181209126014326	0.28771011411467606
-0.2465266336839138	cosine	24.0	9.0	6.0	0.4433759853931466	0.001201248967956901
1.2237546540662676	cosine	24.0	12.0	15.0	0.22903862738099875	0.05844034568396187
0.11939217998506338	cosine	24.0	9.0	12.0	0.13090722638307875	0.18507488909218733
-0.7789035851341068	cosine	24.0	21.0	6.0	0.31549066277171667	0.015391993660926931
1.1116801214465548	cosine	24.0	9.0	6.0	0.2049216739212022	0.08032379819344765
-2.0060730368786173	cosine	24.0	21.0	15.0	0.31043713685130103	0.016782574144907064
-1.757017648070299	cosine	24.0	3.0	6.0	0.16702446852620292	0.12642548136726045
-1.0679587903119996	cosine	24.0	21.0	0.0	0.29950738883023387	0.02016114215609676
-1.927932128294908	cosine	24.0	3.0	6.0	0.16702446852620292	0.12642548136726045
-0.9657578107783188	cosine	24.0	0.0	21.0	0.1885787263005176	0.09834961988888624
1.0503306859277641	cosine	24.0	6.0	21.0	0.1818710879507543	0.10654892958100276
0.5035986333251636	cosine	24.0	9.0	12.0	0.18327011693631026	0.10479929422810885
2.158009671449419	cosine	24.0	12.0	9.0	0.20571135574483804	0.0795206783939611
-1.1400841782302167	cosine	24.0	12.0	15.0	0.40926574400866994	0.002540607755278459
-0.8124313289973341	cosine	24.0	0.0	3.0	0.3674538307576464	0.00594159154192835
-1.6820750804658229	cosine	24.0	18.0	0.0	0.2066772468441595	0.07854663026645384
0.48373557253379273	cosine	24.0	9.0	15.0	0.33597061505524844	0.010722413737643984
-0.43117003869618703	cosine	24.0	18.0	12.0	0.17238260432509367	0.1189734811540229
-0.2447300292393698	cosine	24.0	21.0	6.0	0.17444777823847862	0.11618577088949705
0.3728776755216687	cosine	24.0	9.0	6.0	0.13040470158621958	0.18599485111582204
-0.3487424686803839	cosine	24.0	15.0	0.0	0.3142978771675294	0.015710968084713377
-0.05511284332053758	cosine	24.0	18.0	15.0	0.10137775310306503	0.24383056159149213
-2.0330932345481583	cosine	24.0	0.0	3.0	0.1818710879507543	0.10654892958100276
1.4048305793413842	cosine	24.0	12.0	15.0	0.19900077460972024	0.08654178804169727
0.7589153804436846	cosine	24.0	6.0	15.0	0.26352749478578685	0.03560678181850737
-1.037824018228521	cosine	24.0	9.0	6.0	0.4210208936926518	0.0019738220182525293
1.012104408511044	cosine	24.0	18.0	9.0	0.30064404334716527	0.019784814684414773
-0.5910355872992993	cosine	24.0	6.0	0.0	0.16362418252028652	0.1313198924872857
1.0284465735722597	cosine	24.0	15.0	21.0	0.3852412662130603	0.004177612898480811
1.3208014293217691	cosine	24.0	0.0	15.0	0.29950738883023387	0.02016114215609676
0.0011649243699088417	cosine	24.0	6.0	3.0	0.26352749478578685	0.03560678181850737
0.9092470007249797	cosine	24.0	18.0	0.0	0.11810128391094828	0.20939473758024713
1.1640532183247125	cosine	24.0	3.0	0.0	0.26352749478578685	0.03560678181850737
-0.11060718583336895	cosine	24.0	0.0	3.0	0.18929439766303	0.09750285144846599
1.233713198148435	cosine	24.0	3.0	6.0	0.20414101708758137	0.08112374916958642
-1.5659307354558858	cosine	24.0	3.0	6.0	0.2709508044980625	0.03180287707901677
0.10686201374555099	cosine	24.0	18.0	21.0	0.21819935871795682	0.06761446149507122
-1.0911966634977106	cosine	24.0	9.0	0.0	0.3660645863480636	0.006103836469221554
0.6017089118891025	cosine	24.0	6.0	21.0	0.24868087536123548	0.04433336645633893
0.6566703091013386	cosine	24.0	15.0	9.0	0.31357257405156524	0.01590768779332286
0.43640289527080384	cosine	24.0	18.0	3.0	0.18118348213186988	0.10741654185240362
0.5393270239713566	cosine	24.0	15.0	6.0	0.2783741142103382	0.0283411053804827
0.289729114558986	cosine	24.0	18.0	12.0	0.2923009377686371	0.022690989351006358
-0.04353161528447803	cosine	24.0	18.0	15.0	0.2140197009953595	0.07143562183788349
1.7049145743109912	cosine	24.0	0.0	21.0	0.3290883655048249	0.012131343131205926
0.3694670873512005	cosine	24.0	6.0	15.0	0.3451839016208194	0.009060553512911972
0.18977709509939847	cosine	24.0	21.0	0.0	0.19597397046916537	0.08985625322931617
1.8773246014217628	cosine	24.0	18.0	12.0	0.3372703128099659	0.010472966073771602
-1.1939140693108727	cosine	24.0	9.0	12.0	0.3478392015321807	0.008625537378454924
-0.7912728616990562	cosine	24.0	9.0	12.0	0.36280002740453254	0.006500636034123981
-0.9377405277448829	cosine	24.0	21.0	9.0	0.21898763651213274	0.06691183000253088
0.9980834443094058	cosine	24.0	9.0	12.0	0.18327011693631026	0.10479929422810885
-1.3222117075723359	cosine	24.0	12.0	15.0	0.25156701695945766	0.04251378781533029
-0.275286592883613	cosine	24.0	21.0	18.0	0.3686816750751684	0.00580139155636977
-0.5847787001304486	cosine	24.0	0.0	21.0	0.3808550746853591	0.004562440916140081
1.0322186297682654	cosine	24.0	3.0	12.0	0.21076445880646086	0.0745247925817003
1.6561517636805763	cosine	24.0	15.0	18.0	0.25156701695945766	0.04251378781533029
-1.2880148054391312	cosine	24.0	0.0	3.0	0.18929439766303	0.09750285144846599
1.9939579260458384	cosine	24.0	21.0	6.0	0.2932207336348896	0.022353887279688553
-1.5463356221590887	cosine	24.0	3.0	15.0	0.30263454002180495	0.019140153805216078
-1.8115577634871949	cosine	24.0	12.0	9.0	0.23563300748954177	0.05335627493079011
-0.9196968465990027	cosine	24.0	3.0	21.0	0.2878718795329364	0.024374796195956446
0.06569816538501971	cosine	24.0	6.0	3.0	0.32291397248399234	0.01352921307913464
-1.1643111468696914	cosine	24.0	12.0	6.0	0.24637845104051553	0.04582950804198322
1.3863441658730657	cosine	24.0	6.0	3.0	0.330337282196268	0.011864341762666228
-0.3575246308896273	cosine	24.0	12.0	15.0	0.27409540653791653	0.03029598352690821
2.23801811258564	cosine	24.0	6.0	3.0	0.13733122967710018	0.17356475677209343
-0.41194193445119437	cosine	24.0	12.0	15.0	0.2140197009953595	0.07143562183788349
-0.603907957748442	cosine	24.0	21.0	0.0	0.24034543548105186	0.04994280222373064
2.1862673803820805	cosine	24.0	18.0	21.0	0.37620579089302897	0.005004611630800322
-0.5050091959605925	cosine	24.0	12.0	15.0	0.16896292183844172	0.12369283503412826
1.207374140621368	cosine	24.0	12.0	9.0	0.22815259455336584	0.059151522051165605
2.206965063264529	cosine	24.0	9.0	6.0	0.17511488498720915	0.11529525052334588
-0.601134664850457	cosine	24.0	6.0	3.0	0.21156432679985704	0.0737564416596048
2.8878373301256044	cosine	24.0	21.0	9.0	0.2709508044980625	0.03180287707901677
-0.044601550258476584	cosine	24.0	15.0	12.0	0.13892506906716318	0.17078109313035117
-0.8168899634247695	cosine	24.0	15.0	12.0	0.27409540653791653	0.03029598352690821
-1.8742207467321386	cosine	24.0	12.0	21.0	0.2645352517891883	0.03506947273840929
0.415247283037899	cosine	24.0	21.0	0.0	0.3586693421794159	0.0070353044355588755
0.9403201947951276	cosine	24.0	0.0	3.0	0.2709508044980625	0.03180287707901677
-1.3022282446009497	cosine	24.0	21.0	18.0	0.12790996890362985	0.19060375826163167
-0.8774269146980448	cosine	24.0	12.0	9.0	0.1907505298724862	0.09579651477177781
0.4218633420986755	cosine	24.0	0.0	21.0	0.20336921463781313	0.08192052243423542
0.297844184164025	cosine	24.0	6.0	0.0	0.3123734393569106	0.016237554289091953
0.19749638829808136	cosine	24.0	6.0	9.0	0.19746997668770394	0.08820646422125328
-0.6133135513895073	cosine	24.0	6.0	3.0	0.3377605919085437	0.010380190257282039
-0.4024368737864337	cosine	24.0	3.0	6.0	0.2783741142103382	0.0283411053804827
-1.0575954033981576	cosine	24.0	12.0	9.0	0.1683092910639584	0.12460960164846763
0.5984582369806362	cosine	24.0	6.0	9.0	0.24963185732219176	0.04372700742698232
-1.3049786228557183	cosine	24.0	21.0	6.0	0.16702446852620292	0.12642548136726045
0.07609371149906584	cosine	24.0	6.0	3.0	0.20414101708758137	0.08112374916958642
-1.4888341730652308	cosine	24.0	9.0	12.0	0.2655546592342455	0.03453273942337478
-0.6433701059977883	cosine	24.0	15.0	18.0	0.25156701695945766	0.04251378781533029
1.7258925681054411	cosine	24.0	18.0	15.0	0.2816048697307362	0.026935575910470858
-0.7988563557398919	cosine	24.0	21.0	3.0	0.2066772468441595	0.07854663026645384
-0.5289143479602535	cosine	24.0	15.0	12.0	0.2365480905738184	0.052679346147498834
2.3926622973548253	cosine	24.0	6.0	18.0	0.2889602459083517	0.023951597624435963
0.9548248309267285	cosine	24.0	12.0	9.0	0.22815259455336584	0.059151522051165605
2.0615214745519133	cosine	24.0	0.0	21.0	0.2773216563242906	0.02881195020498228
1.7329771512032963	cosine	24.0	21.0	15.0	0.35531961446835664	0.007497010747590814
-0.6485478609557022	cosine	24.0	9.0	6.0	0.25708355455569004	0.03920408275739036
0.21274235623473817	cosine	24.0	18.0	15.0	0.2140197009953595	0.07143562183788349
-0.3220415833909862	cosine	24.0	21.0	0.0	0.29950738883023387	0.02016114215609676
0.04619033762783283	cosine	24.0	15.0	9.0	0.33597061505524844	0.010722413737643984
-0.4307663774778503	cosine	24.0	21.0	6.0	0.26352749478578685	0.03560678181850737
-0.5958590862575264	cosine	24.0	3.0	0.0	0.24125756564895978	0.04930266217726652
-1.8615992090128681	cosine	24.0	15.0	21.0	0.3852412662130603	0.004177612898480811
0.3826273625187316	cosine	24.0	15.0	18.0	0.3566995016589325	0.007303677061155208
0.2125163320741404	cosine	24.0	9.0	3.0	0.3123734393569106	0.016237554289091953
0.6819197747637785	cosine	24.0	15.0	12.0	0.22152916418817914	0.06468486429452701
1.4878491540921754	cosine	24.0	0.0	15.0	0.2625311679869951	0.03614461188618968
-0.4110520275458972	cosine	24.0	12.0	9.0	0.22815259455336584	0.059151522051165605
1.0279492512891957	cosine	24.0	6.0	12.0	0.23144642370472673	0.05654161670725406
0.07251878097634536	cosine	24.0	21.0	3.0	0.2066772468441595	0.07854663026645384
-0.36091116093614184	cosine	24.0	21.0	3.0	0.14762660488868534	0.15609104027542364
0.2695558556172644	cosine	24.0	12.0	9.0	0.3852412662130603	0.004177612898480811
-0.28619168595942085	cosine	24.0	15.0	18.0	0.17647238503126134	0.1134981303078686
-1.0996177079218041	cosine	24.0	6.0	3.0	0.26352749478578685	0.03560678181850737
1.1620480717237307	cosine	24.0	12.0	9.0	0.2954763109789492	0.021545066942792488
-0.7750587662950076	cosine	24.0	18.0	9.0	0.32291397248399234	0.01352921307913464
0.31325479675657436	cosine	24.0	9.0	6.0	0.3017937379566796	0.019410252116110444
-0.19073696735969817	cosine	24.0	3.0	9.0	0.2751861251477546	0.029787333680552044
0.8841631718678424	cosine	24.0	0.0	21.0	0.17378823796322213	0.11707097859576515
1.0948246247034399	cosine	24.0	12.0	6.0	0.4330287927378758	0.001515769646493836
0.9557225929820775	cosine	24.0	9.0	6.0	0.5700548383626171	4.758166332850749e-05
-0.8935106633855686	cosine	24.0	3.0	6.0	0.26352749478578685	0.03560678181850737
-0.3164043383023549	cosine	24.0	9.0	6.0	0.21982506838819874	0.06617158668631351
0.681881529251776	cosine	24.0	6.0	0.0	0.18593657104578012	0.10152240598303947
0.7845997881733502	cosine	24.0	9.0	21.0	0.30806735305944094	0.01747083493063007
-1.170407491698466	cosine	24.0	12.0	15.0	0.24405755376663804	0.047378451921575866
0.3864070457714262	cosine	24.0	3.0	0.0	0.30064404334716527	0.019784814684414773
0.7656721183089755	cosine	24.0	3.0	0.0	0.30806735305944094	0.01747083493063007
-0.4551685205750251	cosine	24.0	18.0	3.0	0.4769932488777799	0.0005463493182082269
-0.5385102783938691	cosine	24.0	9.0	15.0	0.24637845104051553	0.04582950804198322
1.3210324904669015	cosine	24.0	12.0	18.0	0.3297754169697444	0.011983823411287356
0.5190199756965143	cosine	24.0	6.0	3.0	0.20414101708758137	0.08112374916958642
-0.686644185835602	cosine	24.0	9.0	18.0	0.13733122967710018	0.17356475677209343
1.3624944252287283	cosine	24.0	9.0	0.0	0.15160250545727888	0.14966458474778954
0.17018906041453385	cosine	24.0	21.0	18.0	0.35363344343944725	0.0077393670907879575
0.5266233988680944	cosine	24.0	15.0	21.0	0.2206721816171899	0.0654292553875976
-0.7701060774705273	cosine	24.0	15.0	0.0	0.29211214466158614	0.02276070879876716
0.8300080602035549	cosine	24.0	3.0	9.0	0.24543627378042976	0.04645332880937976
1.0008225363169594	cosine	24.0	3.0	6.0	0.330337282196268	0.011864341762666228
-1.1876151187228356	cosine	24.0	21.0	12.0	0.3539556185911674	0.0076925343627084405
-0.6850999069171468	cosine	24.0	9.0	6.0	0.227276765621697	0.05986116155126607
-0.8552918438118922	cosine	24.0	21.0	15.0	0.41516291795776405	0.002240087373258416
-1.1011418281017566	cosine	24.0	6.0	3.0	0.24125756564895978	0.04930266217726652
1.963623826779261	cosine	24.0	6.0	0.0	0.4090604563007163	0.0025516968004234775
-0.9662567518305247	cosine	24.0	15.0	18.0	0.18398184822408098	0.10391722445107726
-0.4765909133313015	cosine	24.0	12.0	15.0	0.18398184822408098	0.10391722445107726
2.273618483686809	cosine	24.0	9.0	6.0	0.15275979328671438	0.14782765030387718
